   day     sst(K)    H(W/m2)   LE(W/m2)  TAU(m2/s2)
64.000 296.582794  -4.780802  12.403364        0.11
64.125 296.045563  -1.823466   1.970914        0.11
64.250 295.601379  -2.056335   0.589138        0.11
64.375 294.831329  -1.017664  -0.945191        0.11
64.500 298.509949   8.982446  44.688656        0.11
64.625 302.324951  82.930649 349.385712        0.11
64.750 301.926758  98.812996 400.197754        0.11
64.875 299.868042  26.405741 214.056854        0.11
65.000 297.269867  -6.391358  13.224105        0.11
65.125 296.573822  -7.978375   3.248653        0.11
65.250 296.230286  -9.719017   3.778326        0.11
65.375 295.425934  -6.825495   0.993003        0.11
65.500 298.823944   5.315691  34.354771        0.11
65.625 301.603210  67.661636 321.634338        0.11
65.750 300.862305  82.095802 360.826965        0.11
65.875 298.295105  19.786388 171.731689        0.11
66.000 296.819305 -10.739568  14.838025        0.11
66.125 296.178497  -7.886159   9.083534        0.11
66.250 295.765045  -7.857500   4.136522        0.11
66.375 295.385803  -6.960025   0.724055        0.11
66.500 297.501404   4.485835  37.216076        0.11
66.625 302.464630  78.153824 300.879028        0.11
66.750 302.802429 124.131943 386.582855        0.11
66.875 299.174652  12.832561 234.589996        0.11
67.000 297.141144  -8.282438  17.239075        0.11
67.125 296.996124  -0.834410   0.665295        0.11
67.250 296.609406  -0.836593  -0.002654        0.11
67.375 296.777710  -0.620367   1.243430        0.11
67.500 297.900879   3.118638  18.079084        0.11
67.625 299.844452  28.212654 161.711975        0.11
67.750 303.135010  92.077065 275.194885        0.11
67.875 301.413605  33.913242 194.949234        0.11
68.000 298.666351 -12.521667  21.464413        0.11
68.125 296.043427 -12.111490   8.456481        0.11
68.250 295.517822  -8.630497   5.534599        0.11
68.375 295.037567  -4.940223   2.963951        0.11
68.500 298.545685   9.989094  35.738674        0.11
68.625 305.681976 143.306671 304.061340        0.11
68.750 306.739258 177.572647 410.440674        0.11
68.875 302.815857  16.430803 220.619202        0.11
69.000 299.359253 -12.136111  22.173334        0.11
69.125 298.543152 -13.173652   8.971234        0.11
69.250 298.297363 -15.234639   9.872993        0.11
69.375 297.057556 -17.423313   7.976790        0.11
69.500 300.864410   3.786370  51.737099        0.11
69.625 305.785034 116.968948 336.766815        0.11
69.750 305.542114 140.585831 435.012970        0.11
69.875 301.366302  17.290340 288.764557        0.11
70.000 298.257324 -12.897870  27.428797        0.11
70.125 297.796326  -2.825595   7.217130        0.11
70.250 297.038239  -3.149266   3.076667        0.11
70.375 296.570557  -1.916780   0.692531        0.11
70.500 298.755920   5.884572  26.637253        0.11
70.625 301.126038  32.320801 182.290985        0.11
70.750 301.015686  38.401791 233.231598        0.11
70.875 299.267151   3.412531  80.904472        0.11
71.000 298.173859  -9.425617  14.726543        0.11
71.125 297.681793  -7.236413   7.222745        0.11
71.250 297.364288  -6.072508   2.213852        0.11
71.375 297.299438  -4.638222   8.357785        0.11
71.500 298.095764  -0.436801  33.882870        0.11
71.625 302.586975  85.328522 266.772552        0.11
71.750 302.926331 118.977379 362.283630        0.11
71.875 299.681671  17.271637 205.551483        0.11
72.000 297.729004 -18.026173  24.553179        0.11
72.125 297.058319 -12.708366   8.704784        0.11
72.250 296.566162 -10.489267   5.797861        0.11
72.375 296.498566  -9.409582   5.662548        0.11
72.500 298.783081   7.885511  33.037678        0.11
72.625 304.468201 122.052933 279.448914        0.11
72.750 305.589661 152.650375 375.070099        0.11
72.875 302.246124  38.949692 245.733612        0.11
73.000 298.852142 -14.013673  24.220896        0.11
73.125 298.016846 -10.916965   6.720590        0.11
73.250 297.273285  -7.883446   2.788249        0.11
73.375 297.007446  -5.053981   1.196570        0.11
73.500 299.522308  11.393579  31.938141        0.11
73.625 303.030151  72.879814 315.419281        0.11
73.750 301.615387  81.591606 357.704224        0.11
73.875 299.063721  21.926882 172.055161        0.11
74.000 297.301514  -7.745308  12.770000        0.11
74.125 296.942383  -1.068100   1.416483        0.11
74.250 296.247070  -0.846385  -1.457118        0.11
74.375 296.574371   1.039823  -1.593171        0.11
74.500 298.535095  11.824047  36.977879        0.11
74.625 302.484070  84.212898 328.302460        0.11
74.750 302.302948  94.964386 389.407623        0.11
74.875 300.258240  34.014198 219.901138        0.11
75.000 297.865753 -16.692192  21.419106        0.11