   day     sst(K)    H(W/m2)   LE(W/m2)  TAU(m2/s2)
     0 297.269867  -6.391358  13.224105        0.11
 10800 296.573822  -7.978375   3.248653        0.11
 21600 296.230286  -9.719017   3.778326        0.11
 32400 295.425934  -6.825495   0.993003        0.11
 43200 298.823944   5.315691  34.354771        0.11
 54000 301.603210  67.661636 321.634338        0.11
 64800 300.862305  82.095802 360.826965        0.11
 75600 298.295105  19.786388 171.731689        0.11
 86400 296.819305 -10.739568  14.838025        0.11
 97200 296.178497  -7.886159   9.083534        0.11
108000 295.765045  -7.857500   4.136522        0.11
118800 295.385803  -6.960025   0.724055        0.11
129600 297.501404   4.485835  37.216076        0.11
140400 302.464630  78.153824 300.879028        0.11
151200 302.802429 124.131943 386.582855        0.11
162000 299.174652  12.832561 234.589996        0.11
172800 297.141144  -8.282438  17.239075        0.11
183600 296.996124  -0.834410   0.665295        0.11
194400 296.609406  -0.836593  -0.002654        0.11
205200 296.777710  -0.620367   1.243430        0.11
216000 297.900879   3.118638  18.079084        0.11
226800 299.844452  28.212654 161.711975        0.11
237600 303.135010  92.077065 275.194885        0.11
248400 301.413605  33.913242 194.949234        0.11
259200 298.666351 -12.521667  21.464413        0.11
266400 296.043427 -12.111490   8.456481        0.11
277200 295.517822  -8.630497   5.534599        0.11
288000 295.037567  -4.940223   2.963951        0.11
298800 298.545685   9.989094  35.738674        0.11
309600 305.681976 143.306671 304.061340        0.11
320400 306.739258 177.572647 410.440674        0.11
331200 302.815857  16.430803 220.619202        0.11
342000 299.359253 -12.136111  22.173334        0.11