z[m] p[mb] tp[K] q[g/kg] u[m/s] v[m/s] 
0  45   1004.53  day,levels,pres0
-999.0000000 1115.000 289.305 16.284  -2.564 -1.342
-999.0000000 1090.000 291.185 16.284  -2.564 -1.342
-999.0000000 1065.000 293.122 16.284  -2.564 -1.342
-999.0000000 1040.000 295.118 16.284  -2.564 -1.342
-999.0000000 1015.000 297.177 16.284  -2.564 -1.342
-999.0000000  990.000 299.302 16.284  -2.564 -1.342
-999.0000000  965.000 300.079 15.702  -3.877 -2.502
-999.0000000  940.000 300.905 15.141  -4.619 -3.525
-999.0000000  915.000 302.051 14.379  -5.258 -4.681
-999.0000000  890.000 303.160 13.449  -5.765 -5.759
-999.0000000  865.000 304.259 12.490  -6.172 -6.558
-999.0000000  840.000 305.386 11.704  -6.541 -6.890
-999.0000000  815.000 306.502 11.045  -6.953 -6.649
-999.0000000  790.000 307.944 10.339  -7.493 -6.111
-999.0000000  765.000 309.790  9.552  -8.083 -5.498
-999.0000000  740.000 311.551  8.806  -8.366 -4.824
-999.0000000  715.000 313.023  8.146  -8.232 -4.105
-999.0000000  690.000 314.366  7.564  -7.786 -3.429
-999.0000000  665.000 315.569  7.103  -6.997 -2.813
-999.0000000  640.000 316.802  6.659  -6.129 -2.179
-999.0000000  615.000 318.128  6.263  -5.293 -1.486
-999.0000000  590.000 319.746  5.762  -4.863 -0.653
-999.0000000  565.000 321.724  5.127  -4.978  0.336
-999.0000000  540.000 323.882  4.556  -5.333  1.305
-999.0000000  515.000 326.137  4.017  -5.850  2.088
-999.0000000  490.000 328.339  3.520  -6.352  2.236
-999.0000000  465.000 330.392  3.064  -6.790  1.610
-999.0000000  440.000 332.303  2.653  -7.203  0.704
-999.0000000  415.000 334.057  2.298  -7.597 -0.209
-999.0000000  390.000 335.771  1.907  -7.963 -0.701
-999.0000000  365.000 337.470  1.501  -8.327 -0.615
-999.0000000  340.000 339.162  1.137  -8.799 -0.165
-999.0000000  315.000 340.845  0.820  -9.375  0.566
-999.0000000  290.000 342.551  0.559  -9.890  1.565
-999.0000000  265.000 344.307  0.354 -10.249  2.775
-999.0000000  240.000 346.041  0.207 -10.504  4.025
-999.0000000  215.000 347.612  0.110 -10.978  5.144
-999.0000000  190.000 349.163  0.056 -11.847  5.975
-999.0000000  165.000 351.186  0.026 -11.309  6.014
-999.0000000  140.000 354.840  0.009  -7.671  4.277
-999.0000000  115.000 364.373  0.004  -3.298  1.462
-999.0000000   90.000 388.028  0.003  -0.263  0.478
-999.0000000   65.000 436.479  0.003   3.485  0.995
-999.0000000   40.000 527.988  0.011  -2.165  1.779
-999.0000000   15.000 719.644  0.063  -4.713  1.488
10800  45   1007.12  day,levels,pres0
-999.0000000 1115.000 288.751 16.227  -3.507 -1.126
-999.0000000 1090.000 290.628 16.227  -3.507 -1.126
-999.0000000 1065.000 292.561 16.227  -3.507 -1.126
-999.0000000 1040.000 294.554 16.227  -3.507 -1.126
-999.0000000 1015.000 296.609 16.227  -3.507 -1.126
-999.0000000  990.000 298.730 16.227  -3.507 -1.126
-999.0000000  965.000 299.942 15.571  -5.135 -2.404
-999.0000000  940.000 300.926 14.969  -5.741 -3.669
-999.0000000  915.000 302.014 14.307  -6.110 -4.959
-999.0000000  890.000 303.002 13.578  -6.355 -6.101
-999.0000000  865.000 303.993 12.729  -6.541 -6.920
-999.0000000  840.000 305.069 11.870  -6.795 -7.187
-999.0000000  815.000 306.221 11.060  -7.208 -6.797
-999.0000000  790.000 307.666 10.226  -7.723 -6.031
-999.0000000  765.000 309.403  9.413  -8.176 -5.093
-999.0000000  740.000 311.113  8.718  -8.260 -4.094
-999.0000000  715.000 312.665  8.123  -7.929 -3.124
-999.0000000  690.000 314.098  7.555  -7.322 -2.338
-999.0000000  665.000 315.371  7.036  -6.425 -1.794
-999.0000000  640.000 316.610  6.590  -5.517 -1.324
-999.0000000  615.000 317.852  6.254  -4.721 -0.880
-999.0000000  590.000 319.332  5.818  -4.355 -0.309
-999.0000000  565.000 321.124  5.276  -4.543  0.434
-999.0000000  540.000 323.118  4.750  -4.956  1.231
-999.0000000  515.000 325.265  4.209  -5.486  1.958
-999.0000000  490.000 327.456  3.683  -5.890  2.208
-999.0000000  465.000 329.621  3.160  -6.091  1.846
-999.0000000  440.000 331.711  2.694  -6.206  1.216
-999.0000000  415.000 333.677  2.289  -6.307  0.535
-999.0000000  390.000 335.552  1.893  -6.532  0.229
-999.0000000  365.000 337.339  1.519  -6.984  0.464
-999.0000000  340.000 339.105  1.173  -7.742  1.072
-999.0000000  315.000 340.849  0.864  -8.770  1.960
-999.0000000  290.000 342.529  0.594  -9.804  3.021
-999.0000000  265.000 344.166  0.372 -10.743  4.158
-999.0000000  240.000 345.787  0.211 -11.762  5.232
-999.0000000  215.000 347.309  0.102 -13.029  6.056
-999.0000000  190.000 348.872  0.047 -13.857  6.390
-999.0000000  165.000 351.002  0.021 -11.967  5.983
-999.0000000  140.000 354.610  0.008  -6.654  4.351
-999.0000000  115.000 364.077  0.004  -1.498  1.941
-999.0000000   90.000 388.515  0.004   1.324  0.853
-999.0000000   65.000 437.363  0.003   4.179  1.141
-999.0000000   40.000 529.110  0.011  -1.840  1.484
-999.0000000   15.000 719.860  0.064  -4.651  1.229
21600  45   1006.06  day,levels,pres0
-999.0000000 1115.000 288.200 16.149  -4.450 -0.908
-999.0000000 1090.000 290.073 16.149  -4.450 -0.908
-999.0000000 1065.000 292.002 16.149  -4.450 -0.908
-999.0000000 1040.000 293.991 16.149  -4.450 -0.908
-999.0000000 1015.000 296.042 16.149  -4.450 -0.908
-999.0000000  990.000 298.159 16.149  -4.450 -0.908
-999.0000000  965.000 299.803 15.438  -6.393 -2.306
-999.0000000  940.000 300.945 14.794  -6.862 -3.816
-999.0000000  915.000 301.974 14.233  -6.961 -5.242
-999.0000000  890.000 302.843 13.702  -6.942 -6.447
-999.0000000  865.000 303.727 12.956  -6.907 -7.285
-999.0000000  840.000 304.751 12.024  -7.047 -7.483
-999.0000000  815.000 305.941 11.072  -7.461 -6.942
-999.0000000  790.000 307.390 10.114  -7.951 -5.947
-999.0000000  765.000 309.018  9.277  -8.268 -4.682
-999.0000000  740.000 310.677  8.627  -8.154 -3.359
-999.0000000  715.000 312.309  8.096  -7.627 -2.139
-999.0000000  690.000 313.831  7.544  -6.857 -1.243
-999.0000000  665.000 315.174  6.968  -5.852 -0.769
-999.0000000  640.000 316.419  6.519  -4.903 -0.463
-999.0000000  615.000 317.577  6.242  -4.147 -0.268
-999.0000000  590.000 318.917  5.865  -3.846  0.040
-999.0000000  565.000 320.525  5.405  -4.109  0.537
-999.0000000  540.000 322.353  4.914  -4.581  1.161
-999.0000000  515.000 324.392  4.367  -5.125  1.833
-999.0000000  490.000 326.575  3.817  -5.430  2.184
-999.0000000  465.000 328.851  3.240  -5.396  2.085
-999.0000000  440.000 331.121  2.729  -5.213  1.730
-999.0000000  415.000 333.297  2.280  -5.018  1.280
-999.0000000  390.000 335.335  1.880  -5.103  1.160
-999.0000000  365.000 337.208  1.537  -5.640  1.544
-999.0000000  340.000 339.048  1.209  -6.685  2.311
-999.0000000  315.000 340.854  0.909  -8.164  3.356
-999.0000000  290.000 342.508  0.629  -9.719  4.479
-999.0000000  265.000 344.025  0.389 -11.236  5.542
-999.0000000  240.000 345.533  0.214 -13.020  6.440
-999.0000000  215.000 347.005  0.094 -15.080  6.969
-999.0000000  190.000 348.583  0.038 -15.867  6.805
-999.0000000  165.000 350.814  0.017 -12.625  5.952
-999.0000000  140.000 354.382  0.007  -5.636  4.426
-999.0000000  115.000 363.782  0.004   0.302  2.420
-999.0000000   90.000 389.003  0.004   2.910  1.228
-999.0000000   65.000 438.247  0.002   4.872  1.288
-999.0000000   40.000 530.231  0.012  -1.516  1.188
-999.0000000   15.000 720.079  0.064  -4.590  0.969
32400  45   1005.36  day,levels,pres0
-999.0000000 1115.000 288.012 16.364  -4.232 -1.334
-999.0000000 1090.000 289.884 16.364  -4.232 -1.334
-999.0000000 1065.000 291.812 16.364  -4.232 -1.334
-999.0000000 1040.000 293.799 16.364  -4.232 -1.334
-999.0000000 1015.000 295.849 16.364  -4.232 -1.334
-999.0000000  990.000 297.964 16.364  -4.232 -1.334
-999.0000000  965.000 299.347 15.571  -6.253 -2.769
-999.0000000  940.000 300.544 14.872  -6.972 -4.213
-999.0000000  915.000 301.567 14.343  -7.139 -5.466
-999.0000000  890.000 302.474 13.891  -7.159 -6.439
-999.0000000  865.000 303.396 13.311  -7.240 -6.978
-999.0000000  840.000 304.411 12.541  -7.500 -6.885
-999.0000000  815.000 305.574 11.656  -7.919 -6.173
-999.0000000  790.000 306.975 10.724  -8.293 -5.077
-999.0000000  765.000 308.559  9.846  -8.405 -3.774
-999.0000000  740.000 310.240  9.074  -8.054 -2.453
-999.0000000  715.000 311.963  8.380  -7.287 -1.254
-999.0000000  690.000 313.605  7.694  -6.287 -0.398
-999.0000000  665.000 315.091  7.015  -5.083  0.004
-999.0000000  640.000 316.482  6.483  -4.086  0.172
-999.0000000  615.000 317.776  6.142  -3.474  0.136
-999.0000000  590.000 319.208  5.747  -3.373  0.137
-999.0000000  565.000 320.843  5.310  -3.852  0.251
-999.0000000  540.000 322.648  4.854  -4.481  0.484
-999.0000000  515.000 324.609  4.360  -5.104  0.816
-999.0000000  490.000 326.685  3.854  -5.475  1.040
-999.0000000  465.000 328.830  3.321  -5.516  1.083
-999.0000000  440.000 330.968  2.825  -5.422  1.014
-999.0000000  415.000 333.018  2.362  -5.320  0.910
-999.0000000  390.000 334.912  1.929  -5.456  1.002
-999.0000000  365.000 336.640  1.539  -5.964  1.404
-999.0000000  340.000 338.404  1.186  -6.854  2.104
-999.0000000  315.000 340.226  0.877  -8.119  3.027
-999.0000000  290.000 341.921  0.602  -9.653  3.937
-999.0000000  265.000 343.478  0.374 -11.468  4.696
-999.0000000  240.000 345.014  0.205 -13.664  5.293
-999.0000000  215.000 346.442  0.093 -15.823  5.736
-999.0000000  190.000 348.041  0.039 -16.300  5.970
-999.0000000  165.000 350.528  0.015 -12.727  5.954
-999.0000000  140.000 354.471  0.006  -6.068  5.033
-999.0000000  115.000 364.232  0.004  -0.958  3.040
-999.0000000   90.000 389.707  0.004   1.358  1.856
-999.0000000   65.000 438.682  0.002   3.992  1.688
-999.0000000   40.000 530.055  0.012  -1.779  1.290
-999.0000000   15.000 719.100  0.062  -4.624  0.597
43200  45   1007.18  day,levels,pres0
-999.0000000 1115.000 287.825 16.571  -4.011 -1.761
-999.0000000 1090.000 289.695 16.571  -4.011 -1.761
-999.0000000 1065.000 291.622 16.571  -4.011 -1.761
-999.0000000 1040.000 293.608 16.571  -4.011 -1.761
-999.0000000 1015.000 295.657 16.571  -4.011 -1.761
-999.0000000  990.000 297.771 16.571  -4.011 -1.761
-999.0000000  965.000 298.889 15.683  -6.109 -3.232
-999.0000000  940.000 300.144 14.934  -7.079 -4.609
-999.0000000  915.000 301.161 14.437  -7.315 -5.689
-999.0000000  890.000 302.105 14.063  -7.374 -6.430
-999.0000000  865.000 303.064 13.645  -7.572 -6.666
-999.0000000  840.000 304.070 13.028  -7.949 -6.282
-999.0000000  815.000 305.206 12.204  -8.371 -5.396
-999.0000000  790.000 306.560 11.291  -8.628 -4.200
-999.0000000  765.000 308.098 10.372  -8.535 -2.858
-999.0000000  740.000 309.801  9.489  -7.947 -1.541
-999.0000000  715.000 311.616  8.648  -6.941 -0.366
-999.0000000  690.000 313.378  7.838  -5.711  0.448
-999.0000000  665.000 315.010  7.062  -4.309  0.777
-999.0000000  640.000 316.547  6.446  -3.264  0.804
-999.0000000  615.000 317.976  6.039  -2.798  0.535
-999.0000000  590.000 319.500  5.623  -2.896  0.228
-999.0000000  565.000 321.162  5.210  -3.591 -0.042
-999.0000000  540.000 322.944  4.789  -4.377 -0.199
-999.0000000  515.000 324.829  4.352  -5.079 -0.205
-999.0000000  490.000 326.797  3.892  -5.516 -0.108
-999.0000000  465.000 328.808  3.401  -5.632  0.079
-999.0000000  440.000 330.813  2.918  -5.627  0.297
-999.0000000  415.000 332.736  2.441  -5.620  0.539
-999.0000000  390.000 334.487  1.974  -5.809  0.843
-999.0000000  365.000 336.069  1.538  -6.288  1.262
-999.0000000  340.000 337.761  1.162  -7.024  1.894
-999.0000000  315.000 339.599  0.845  -8.073  2.696
-999.0000000  290.000 341.333  0.576  -9.586  3.392
-999.0000000  265.000 342.933  0.360 -11.700  3.847
-999.0000000  240.000 344.497  0.196 -14.307  4.144
-999.0000000  215.000 345.879  0.092 -16.566  4.501
-999.0000000  190.000 347.501  0.039 -16.733  5.134
-999.0000000  165.000 350.242  0.013 -12.829  5.954
-999.0000000  140.000 354.563  0.005  -6.499  5.638
-999.0000000  115.000 364.683  0.004  -2.218  3.660
-999.0000000   90.000 390.411  0.004  -0.195  2.485
-999.0000000   65.000 439.116  0.002   3.111  2.089
-999.0000000   40.000 529.877  0.012  -2.043  1.392
-999.0000000   15.000 718.117  0.060  -4.658  0.225
54000  45   1006.95  day,levels,pres0
-999.0000000 1115.000 288.490 16.928  -3.771 -2.129
-999.0000000 1090.000 290.365 16.928  -3.771 -2.129
-999.0000000 1065.000 292.296 16.928  -3.771 -2.129
-999.0000000 1040.000 294.287 16.928  -3.771 -2.129
-999.0000000 1015.000 296.340 16.928  -3.771 -2.129
-999.0000000  990.000 298.459 16.928  -3.771 -2.129
-999.0000000  965.000 299.236 16.183  -5.389 -3.270
-999.0000000  940.000 300.162 15.506  -6.393 -4.345
-999.0000000  915.000 301.123 14.918  -7.064 -5.338
-999.0000000  890.000 302.137 14.371  -7.548 -6.043
-999.0000000  865.000 303.180 13.836  -7.875 -6.236
-999.0000000  840.000 304.288 13.184  -8.058 -5.827
-999.0000000  815.000 305.525 12.397  -8.107 -4.983
-999.0000000  790.000 306.953 11.534  -7.990 -3.898
-999.0000000  765.000 308.544 10.637  -7.657 -2.714
-999.0000000  740.000 310.267  9.727  -7.060 -1.553
-999.0000000  715.000 312.064  8.826  -6.245 -0.489
-999.0000000  690.000 313.773  7.967  -5.320  0.327
-999.0000000  665.000 315.317  7.162  -4.324  0.795
-999.0000000  640.000 316.802  6.484  -3.593  0.953
-999.0000000  615.000 318.252  5.977  -3.274  0.771
-999.0000000  590.000 319.901  5.500  -3.338  0.496
-999.0000000  565.000 321.800  5.052  -3.794  0.198
-999.0000000  540.000 323.786  4.608  -4.269  0.007
-999.0000000  515.000 325.788  4.146  -4.638 -0.022
-999.0000000  490.000 327.795  3.674  -4.829  0.081
-999.0000000  465.000 329.768  3.188  -4.834  0.308
-999.0000000  440.000 331.704  2.720  -4.827  0.567
-999.0000000  415.000 333.560  2.272  -4.905  0.835
-999.0000000  390.000 335.323  1.848  -5.180  1.129
-999.0000000  365.000 336.991  1.459  -5.700  1.462
-999.0000000  340.000 338.702  1.119  -6.405  1.835
-999.0000000  315.000 340.453  0.827  -7.320  2.209
-999.0000000  290.000 342.082  0.571  -8.558  2.462
-999.0000000  265.000 343.567  0.361 -10.244  2.591
-999.0000000  240.000 344.946  0.200 -12.456  2.865
-999.0000000  215.000 346.135  0.094 -14.784  3.706
-999.0000000  190.000 347.604  0.041 -15.725  5.258
-999.0000000  165.000 350.165  0.016 -13.125  6.914
-999.0000000  140.000 354.138  0.006  -7.837  6.795
-999.0000000  115.000 364.032  0.004  -3.526  4.473
-999.0000000   90.000 390.043  0.004  -0.795  2.941
-999.0000000   65.000 438.975  0.002   2.834  2.326
-999.0000000   40.000 529.930  0.012  -1.842  0.889
-999.0000000   15.000 717.852  0.059  -4.330 -0.741
64800  45   1003.02  day,levels,pres0
-999.0000000 1115.000 289.154 17.282  -3.545 -2.505
-999.0000000 1090.000 291.033 17.282  -3.545 -2.505
-999.0000000 1065.000 292.969 17.282  -3.545 -2.505
-999.0000000 1040.000 294.964 17.282  -3.545 -2.505
-999.0000000 1015.000 297.022 17.282  -3.545 -2.505
-999.0000000  990.000 299.146 17.282  -3.545 -2.505
-999.0000000  965.000 299.581 16.698  -4.686 -3.323
-999.0000000  940.000 300.179 16.077  -5.719 -4.097
-999.0000000  915.000 301.083 15.392  -6.823 -4.997
-999.0000000  890.000 302.165 14.676  -7.733 -5.668
-999.0000000  865.000 303.293 14.027  -8.193 -5.821
-999.0000000  840.000 304.504 13.343  -8.187 -5.390
-999.0000000  815.000 305.846 12.595  -7.867 -4.586
-999.0000000  790.000 307.348 11.782  -7.378 -3.613
-999.0000000  765.000 308.991 10.908  -6.805 -2.587
-999.0000000  740.000 310.733  9.971  -6.193 -1.577
-999.0000000  715.000 312.513  9.007  -5.564 -0.618
-999.0000000  690.000 314.169  8.096  -4.938  0.203
-999.0000000  665.000 315.624  7.263  -4.342  0.811
-999.0000000  640.000 317.059  6.520  -3.920  1.103
-999.0000000  615.000 318.529  5.910  -3.745  1.011
-999.0000000  590.000 320.302  5.366  -3.773  0.770
-999.0000000  565.000 322.439  4.873  -3.992  0.447
-999.0000000  540.000 324.629  4.392  -4.158  0.221
-999.0000000  515.000 326.750  3.897  -4.197  0.166
-999.0000000  490.000 328.797  3.409  -4.145  0.274
-999.0000000  465.000 330.729  2.936  -4.040  0.537
-999.0000000  440.000 332.595  2.489  -4.030  0.836
-999.0000000  415.000 334.387  2.078  -4.193  1.128
-999.0000000  390.000 336.161  1.701  -4.552  1.413
-999.0000000  365.000 337.915  1.364  -5.112  1.661
-999.0000000  340.000 339.647  1.065  -5.786  1.778
-999.0000000  315.000 341.307  0.804  -6.567  1.724
-999.0000000  290.000 342.827  0.564  -7.529  1.533
-999.0000000  265.000 344.197  0.361  -8.787  1.335
-999.0000000  240.000 345.394  0.203 -10.603  1.584
-999.0000000  215.000 346.391  0.096 -13.002  2.909
-999.0000000  190.000 347.710  0.043 -14.717  5.381
-999.0000000  165.000 350.088  0.018 -13.423  7.875
-999.0000000  140.000 353.716  0.008  -9.175  7.954
-999.0000000  115.000 363.383  0.005  -4.834  5.285
-999.0000000   90.000 389.675  0.004  -1.395  3.398
-999.0000000   65.000 438.830  0.002   2.556  2.564
-999.0000000   40.000 529.980  0.012  -1.641  0.386
-999.0000000   15.000 717.586  0.059  -4.003 -1.708
75600  45   1002.19  day,levels,pres0
-999.0000000 1115.000 288.484 17.105  -3.045 -2.508
-999.0000000 1090.000 290.359 17.105  -3.045 -2.508
-999.0000000 1065.000 292.290 17.105  -3.045 -2.508
-999.0000000 1040.000 294.281 17.105  -3.045 -2.508
-999.0000000 1015.000 296.334 17.105  -3.045 -2.508
-999.0000000  990.000 298.453 17.105  -3.045 -2.508
-999.0000000  965.000 299.434 16.411  -4.494 -3.590
-999.0000000  940.000 300.405 15.752  -5.663 -4.423
-999.0000000  915.000 301.438 15.004  -6.669 -5.198
-999.0000000  890.000 302.576 14.209  -7.408 -5.683
-999.0000000  865.000 303.756 13.483  -7.790 -5.732
-999.0000000  840.000 304.993 12.781  -7.807 -5.342
-999.0000000  815.000 306.301 12.109  -7.552 -4.660
-999.0000000  790.000 307.710 11.432  -7.167 -3.863
-999.0000000  765.000 309.205 10.731  -6.729 -3.043
-999.0000000  740.000 310.750  9.968  -6.259 -2.235
-999.0000000  715.000 312.318  9.163  -5.765 -1.455
-999.0000000  690.000 313.819  8.379  -5.243 -0.758
-999.0000000  665.000 315.198  7.619  -4.706 -0.193
-999.0000000  640.000 316.560  6.918  -4.282  0.146
-999.0000000  615.000 317.943  6.307  -4.035  0.206
-999.0000000  590.000 319.603  5.749  -3.985  0.136
-999.0000000  565.000 321.611  5.236  -4.146 -0.020
-999.0000000  540.000 323.767  4.742  -4.340 -0.097
-999.0000000  515.000 325.980  4.232  -4.500 -0.027
-999.0000000  490.000 328.131  3.725  -4.549  0.187
-999.0000000  465.000 330.148  3.222  -4.477  0.542
-999.0000000  440.000 332.094  2.738  -4.426  0.935
-999.0000000  415.000 333.969  2.287  -4.469  1.329
-999.0000000  390.000 335.826  1.866  -4.662  1.711
-999.0000000  365.000 337.651  1.482  -5.036  2.053
-999.0000000  340.000 339.422  1.143  -5.554  2.285
-999.0000000  315.000 341.100  0.852  -6.230  2.381
-999.0000000  290.000 342.662  0.593  -7.118  2.379
-999.0000000  265.000 344.124  0.379  -8.304  2.409
-999.0000000  240.000 345.456  0.218  -9.997  2.901
-999.0000000  215.000 346.602  0.108 -12.278  4.340
-999.0000000  190.000 347.901  0.050 -14.144  6.558
-999.0000000  165.000 350.065  0.021 -13.454  8.400
-999.0000000  140.000 353.761  0.009  -9.925  8.038
-999.0000000  115.000 363.591  0.005  -5.854  5.486
-999.0000000   90.000 389.369  0.004  -2.151  3.497
-999.0000000   65.000 438.243  0.002   1.978  2.456
-999.0000000   40.000 529.667  0.012  -1.714  0.522
-999.0000000   15.000 718.390  0.061  -3.935 -1.108
86400  45   1005.15  day,levels,pres0
-999.0000000 1115.000 287.803 16.892  -2.544 -2.507
-999.0000000 1090.000 289.674 16.892  -2.544 -2.507
-999.0000000 1065.000 291.601 16.892  -2.544 -2.507
-999.0000000 1040.000 293.587 16.892  -2.544 -2.507
-999.0000000 1015.000 295.635 16.892  -2.544 -2.507
-999.0000000  990.000 297.749 16.892  -2.544 -2.507
-999.0000000  965.000 299.275 16.112  -4.309 -3.858
-999.0000000  940.000 300.622 15.403  -5.623 -4.756
-999.0000000  915.000 301.789 14.583  -6.521 -5.399
-999.0000000  890.000 302.984 13.702  -7.083 -5.690
-999.0000000  865.000 304.221 12.893  -7.386 -5.629
-999.0000000  840.000 305.485 12.169  -7.424 -5.274
-999.0000000  815.000 306.761 11.584  -7.235 -4.712
-999.0000000  790.000 308.075 11.062  -6.954 -4.091
-999.0000000  765.000 309.421 10.549  -6.649 -3.481
-999.0000000  740.000 310.771  9.967  -6.321 -2.883
-999.0000000  715.000 312.126  9.317  -5.960 -2.289
-999.0000000  690.000 313.471  8.649  -5.541 -1.722
-999.0000000  665.000 314.774  7.954  -5.060 -1.208
-999.0000000  640.000 316.065  7.287  -4.632 -0.825
-999.0000000  615.000 317.361  6.668  -4.314 -0.615
-999.0000000  590.000 318.905  6.089  -4.185 -0.514
-999.0000000  565.000 320.787  5.550  -4.290 -0.499
-999.0000000  540.000 322.909  5.043  -4.513 -0.422
-999.0000000  515.000 325.215  4.526  -4.796 -0.223
-999.0000000  490.000 327.470  4.009  -4.945  0.101
-999.0000000  465.000 329.568  3.483  -4.907  0.551
-999.0000000  440.000 331.594  2.969  -4.815  1.041
-999.0000000  415.000 333.551  2.483  -4.740  1.536
-999.0000000  390.000 335.488  2.022  -4.769  2.014
-999.0000000  365.000 337.384  1.594  -4.958  2.448
-999.0000000  340.000 339.196  1.219  -5.321  2.794
-999.0000000  315.000 340.890  0.899  -5.893  3.039
-999.0000000  290.000 342.496  0.622  -6.705  3.226
-999.0000000  265.000 344.053  0.397  -7.819  3.485
-999.0000000  240.000 345.522  0.232  -9.389  4.218
-999.0000000  215.000 346.816  0.121 -11.552  5.774
-999.0000000  190.000 348.093  0.056 -13.566  7.738
-999.0000000  165.000 350.036  0.024 -13.480  8.929
-999.0000000  140.000 353.805  0.010 -10.675  8.125
-999.0000000  115.000 363.800  0.005  -6.873  5.687
-999.0000000   90.000 389.060  0.004  -2.908  3.596
-999.0000000   65.000 437.658  0.003   1.401  2.348
-999.0000000   40.000 529.353  0.012  -1.787  0.658
-999.0000000   15.000 719.193  0.062  -3.867 -0.509
97200  45   1006.84  day,levels,pres0
-999.0000000 1115.000 287.524 16.735  -2.648 -2.956
-999.0000000 1090.000 289.393 16.735  -2.648 -2.956
-999.0000000 1065.000 291.318 16.735  -2.648 -2.956
-999.0000000 1040.000 293.302 16.735  -2.648 -2.956
-999.0000000 1015.000 295.348 16.735  -2.648 -2.956
-999.0000000  990.000 297.460 16.735  -2.648 -2.956
-999.0000000  965.000 299.214 15.855  -4.401 -4.663
-999.0000000  940.000 300.645 15.059  -5.515 -5.707
-999.0000000  915.000 301.719 14.231  -6.166 -6.389
-999.0000000  890.000 302.789 13.365  -6.535 -6.647
-999.0000000  865.000 303.875 12.621  -6.769 -6.437
-999.0000000  840.000 305.010 11.953  -6.906 -5.892
-999.0000000  815.000 306.233 11.374  -6.964 -5.177
-999.0000000  790.000 307.577 10.877  -7.010 -4.426
-999.0000000  765.000 308.987 10.409  -7.042 -3.726
-999.0000000  740.000 310.400  9.906  -6.983 -3.086
-999.0000000  715.000 311.807  9.358  -6.791 -2.488
-999.0000000  690.000 313.203  8.776  -6.416 -1.909
-999.0000000  665.000 314.560  8.151  -5.824 -1.357
-999.0000000  640.000 315.936  7.500  -5.192 -0.861
-999.0000000  615.000 317.352  6.834  -4.587 -0.438
-999.0000000  590.000 318.995  6.216  -4.197 -0.077
-999.0000000  565.000 320.925  5.643  -4.085  0.225
-999.0000000  540.000 323.064  5.087  -4.051  0.522
-999.0000000  515.000 325.356  4.509  -4.025  0.832
-999.0000000  490.000 327.616  3.943  -3.893  1.167
-999.0000000  465.000 329.746  3.381  -3.650  1.539
-999.0000000  440.000 331.789  2.857  -3.486  1.962
-999.0000000  415.000 333.733  2.382  -3.506  2.426
-999.0000000  390.000 335.618  1.940  -3.770  2.849
-999.0000000  365.000 337.434  1.539  -4.268  3.177
-999.0000000  340.000 339.181  1.186  -4.817  3.369
-999.0000000  315.000 340.831  0.885  -5.359  3.399
-999.0000000  290.000 342.355  0.613  -5.962  3.280
-999.0000000  265.000 343.765  0.386  -6.732  3.163
-999.0000000  240.000 345.052  0.223  -7.895  3.534
-999.0000000  215.000 346.149  0.114  -9.614  4.805
-999.0000000  190.000 347.348  0.051 -11.187  6.760
-999.0000000  165.000 349.573  0.021 -10.756  8.499
-999.0000000  140.000 353.807  0.008  -7.983  8.332
-999.0000000  115.000 364.043  0.004  -4.926  5.828
-999.0000000   90.000 389.343  0.004  -2.086  3.195
-999.0000000   65.000 437.924  0.003   1.517  1.396
-999.0000000   40.000 529.709  0.012  -1.617  0.330
-999.0000000   15.000 719.591  0.063  -3.467 -0.533
108000  45   1005.42  day,levels,pres0
-999.0000000 1115.000 287.241 16.571 -2.746 -3.397
-999.0000000 1090.000 289.108 16.571 -2.746 -3.397
-999.0000000 1065.000 291.031 16.571 -2.746 -3.397
-999.0000000 1040.000 293.013 16.571 -2.746 -3.397
-999.0000000 1015.000 295.057 16.571 -2.746 -3.397
-999.0000000  990.000 297.167 16.571 -2.746 -3.397
-999.0000000  965.000 299.152 15.594 -4.489 -5.460
-999.0000000  940.000 300.667 14.709 -5.409 -6.650
-999.0000000  915.000 301.649 13.878 -5.811 -7.372
-999.0000000  890.000 302.595 13.032 -5.981 -7.598
-999.0000000  865.000 303.531 12.355 -6.145 -7.238
-999.0000000  840.000 304.537 11.739 -6.381 -6.502
-999.0000000  815.000 305.709 11.166 -6.687 -5.633
-999.0000000  790.000 307.082 10.693 -7.061 -4.754
-999.0000000  765.000 308.554 10.269 -7.430 -3.965
-999.0000000  740.000 310.031  9.842 -7.642 -3.287
-999.0000000  715.000 311.490  9.394 -7.618 -2.685
-999.0000000  690.000 312.935  8.896 -7.290 -2.096
-999.0000000  665.000 314.345  8.342 -6.587 -1.510
-999.0000000  640.000 315.805  7.709 -5.753 -0.901
-999.0000000  615.000 317.344  6.998 -4.862 -0.266
-999.0000000  590.000 319.083  6.343 -4.212  0.357
-999.0000000  565.000 321.064  5.736 -3.884  0.947
-999.0000000  540.000 323.219  5.131 -3.594  1.465
-999.0000000  515.000 325.499  4.491 -3.259  1.888
-999.0000000  490.000 327.763  3.875 -2.845  2.236
-999.0000000  465.000 329.925  3.276 -2.394  2.531
-999.0000000  440.000 331.987  2.741 -2.158  2.888
-999.0000000  415.000 333.914  2.279 -2.272  3.320
-999.0000000  390.000 335.747  1.857 -2.770  3.687
-999.0000000  365.000 337.483  1.483 -3.578  3.909
-999.0000000  340.000 339.168  1.154 -4.312  3.946
-999.0000000  315.000 340.774  0.870 -4.824  3.761
-999.0000000  290.000 342.214  0.604 -5.218  3.338
-999.0000000  265.000 343.477  0.375 -5.646  2.845
-999.0000000  240.000 344.581  0.214 -6.401  2.853
-999.0000000  215.000 345.478  0.108 -7.677  3.839
-999.0000000  190.000 346.603  0.047 -8.806  5.785
-999.0000000  165.000 349.107  0.018 -8.030  8.071
-999.0000000  140.000 353.807  0.007 -5.291  8.541
-999.0000000  115.000 364.286  0.004 -2.979  5.970
-999.0000000   90.000 389.625  0.004 -1.265  2.793
-999.0000000   65.000 438.193  0.003  1.633  0.445
-999.0000000   40.000 530.065  0.012 -1.448  0.002
-999.0000000   15.000 719.986  0.064 -3.068 -0.557
118800  45   1005.06  day,levels,pres0
-999.0000000 1115.000 287.198 16.530 -2.555 -3.017
-999.0000000 1090.000 289.065 16.530 -2.555 -3.017
-999.0000000 1065.000 290.988 16.530 -2.555 -3.017
-999.0000000 1040.000 292.970 16.530 -2.555 -3.017
-999.0000000 1015.000 295.013 16.530 -2.555 -3.017
-999.0000000  990.000 297.123 16.530 -2.555 -3.017
-999.0000000  965.000 298.981 15.516 -3.905 -4.821
-999.0000000  940.000 300.546 14.543 -4.728 -6.176
-999.0000000  915.000 301.562 13.785 -5.021 -6.928
-999.0000000  890.000 302.493 13.094 -5.130 -7.102
-999.0000000  865.000 303.395 12.522 -5.280 -6.716
-999.0000000  840.000 304.333 11.976 -5.538 -6.045
-999.0000000  815.000 305.407 11.440 -5.901 -5.277
-999.0000000  790.000 306.685 10.936 -6.347 -4.463
-999.0000000  765.000 308.126 10.433 -6.816 -3.651
-999.0000000  740.000 309.636  9.919 -7.187 -2.893
-999.0000000  715.000 311.163  9.401 -7.379 -2.199
-999.0000000  690.000 312.666  8.873 -7.261 -1.576
-999.0000000  665.000 314.110  8.335 -6.746 -1.039
-999.0000000  640.000 315.602  7.726 -6.050 -0.551
-999.0000000  615.000 317.163  7.046 -5.239 -0.114
-999.0000000  590.000 318.891  6.401 -4.665  0.286
-999.0000000  565.000 320.829  5.785 -4.415  0.648
-999.0000000  540.000 322.983  5.155 -4.188  0.995
-999.0000000  515.000 325.321  4.468 -3.885  1.330
-999.0000000  490.000 327.612  3.841 -3.457  1.654
-999.0000000  465.000 329.738  3.272 -2.938  1.987
-999.0000000  440.000 331.747  2.750 -2.604  2.403
-999.0000000  415.000 333.623  2.288 -2.607  2.900
-999.0000000  390.000 335.434  1.854 -3.011  3.336
-999.0000000  365.000 337.176  1.457 -3.735  3.647
-999.0000000  340.000 338.871  1.118 -4.328  3.850
-999.0000000  315.000 340.477  0.836 -4.614  3.929
-999.0000000  290.000 341.917  0.575 -4.723  3.841
-999.0000000  265.000 343.190  0.354 -4.854  3.729
-999.0000000  240.000 344.345  0.198 -5.429  4.128
-999.0000000  215.000 345.392  0.098 -6.753  5.447
-999.0000000  190.000 346.738  0.043 -8.251  7.469
-999.0000000  165.000 349.330  0.017 -8.402  9.231
-999.0000000  140.000 353.810  0.007 -6.736  8.566
-999.0000000  115.000 364.097  0.004 -4.566  4.963
-999.0000000   90.000 389.778  0.004 -2.035  1.637
-999.0000000   65.000 438.955  0.003  1.672 -0.205
-999.0000000   40.000 530.738  0.012 -0.852 -0.276
-999.0000000   15.000 720.405  0.065 -2.319 -0.751
129600  45   1006.81  day,levels,pres0
-999.0000000 1115.000 287.153 16.485 -2.359 -2.637
-999.0000000 1090.000 289.019 16.485 -2.359 -2.637
-999.0000000 1065.000 290.942 16.485 -2.359 -2.637
-999.0000000 1040.000 292.923 16.485 -2.359 -2.637
-999.0000000 1015.000 294.967 16.485 -2.359 -2.637
-999.0000000  990.000 297.076 16.485 -2.359 -2.637
-999.0000000  965.000 298.808 15.435 -3.318 -4.184
-999.0000000  940.000 300.422 14.375 -4.049 -5.705
-999.0000000  915.000 301.475 13.691 -4.231 -6.488
-999.0000000  890.000 302.392 13.156 -4.278 -6.613
-999.0000000  865.000 303.259 12.688 -4.413 -6.201
-999.0000000  840.000 304.132 12.209 -4.695 -5.597
-999.0000000  815.000 305.108 11.704 -5.116 -4.928
-999.0000000  790.000 306.289 11.162 -5.634 -4.177
-999.0000000  765.000 307.699 10.582 -6.198 -3.342
-999.0000000  740.000 309.242  9.987 -6.727 -2.501
-999.0000000  715.000 310.836  9.403 -7.134 -1.716
-999.0000000  690.000 312.394  8.847 -7.225 -1.057
-999.0000000  665.000 313.875  8.325 -6.900 -0.570
-999.0000000  640.000 315.396  7.739 -6.345 -0.203
-999.0000000  615.000 316.980  7.091 -5.616  0.035
-999.0000000  590.000 318.698  6.455 -5.118  0.212
-999.0000000  565.000 320.591  5.829 -4.947  0.347
-999.0000000  540.000 322.747  5.177 -4.783  0.523
-999.0000000  515.000 325.145  4.444 -4.514  0.773
-999.0000000  490.000 327.461  3.807 -4.071  1.076
-999.0000000  465.000 329.551  3.267 -3.483  1.448
-999.0000000  440.000 331.506  2.758 -3.051  1.922
-999.0000000  415.000 333.334  2.297 -2.942  2.483
-999.0000000  390.000 335.120  1.850 -3.251  2.987
-999.0000000  365.000 336.869  1.431 -3.891  3.387
-999.0000000  340.000 338.573  1.084 -4.343  3.756
-999.0000000  315.000 340.178  0.803 -4.403  4.099
-999.0000000  290.000 341.618  0.547 -4.227  4.348
-999.0000000  265.000 342.901  0.333 -4.062  4.618
-999.0000000  240.000 344.108  0.183 -4.456  5.409
-999.0000000  215.000 345.302  0.088 -5.828  7.060
-999.0000000  190.000 346.873  0.038 -7.695  9.155
-999.0000000  165.000 349.554  0.017 -8.771 10.389
-999.0000000  140.000 353.816  0.008 -8.181  8.591
-999.0000000  115.000 363.910  0.005 -6.153  3.957
-999.0000000   90.000 389.932  0.005 -2.804  0.481
-999.0000000   65.000 439.715  0.002  1.712 -0.855
-999.0000000   40.000 531.410  0.013 -0.257 -0.553
-999.0000000   15.000 720.820  0.066 -1.569 -0.944
140400  45   1005.55  day,levels,pres0
-999.0000000 1115.000 288.820 16.935 -1.283 -2.371
-999.0000000 1090.000 290.698 16.935 -1.283 -2.371
-999.0000000 1065.000 292.631 16.935 -1.283 -2.371
-999.0000000 1040.000 294.624 16.935 -1.283 -2.371
-999.0000000 1015.000 296.679 16.935 -1.283 -2.371
-999.0000000  990.000 298.801 16.935 -1.283 -2.371
-999.0000000  965.000 299.899 16.096 -1.785 -3.368
-999.0000000  940.000 300.997 15.289 -2.223 -4.274
-999.0000000  915.000 301.994 14.539 -2.448 -4.862
-999.0000000  890.000 303.037 13.858 -2.650 -5.109
-999.0000000  865.000 303.949 13.272 -2.919 -4.965
-999.0000000  840.000 304.769 12.652 -3.277 -4.599
-999.0000000  815.000 305.684 12.042 -3.708 -4.124
-999.0000000  790.000 306.841 11.445 -4.141 -3.564
-999.0000000  765.000 308.299 10.803 -4.563 -2.936
-999.0000000  740.000 309.946 10.118 -4.981 -2.296
-999.0000000  715.000 311.652  9.428 -5.362 -1.695
-999.0000000  690.000 313.264  8.774 -5.535 -1.217
-999.0000000  665.000 314.713  8.166 -5.421 -0.910
-999.0000000  640.000 316.142  7.519 -5.154 -0.719
-999.0000000  615.000 317.587  6.853 -4.773 -0.649
-999.0000000  590.000 319.243  6.228 -4.539 -0.612
-999.0000000  565.000 321.172  5.638 -4.505 -0.576
-999.0000000  540.000 323.275  5.042 -4.436 -0.459
-999.0000000  515.000 325.487  4.396 -4.255 -0.229
-999.0000000  490.000 327.634  3.805 -3.974  0.078
-999.0000000  465.000 329.635  3.274 -3.643  0.466
-999.0000000  440.000 331.595  2.753 -3.491  0.938
-999.0000000  415.000 333.533  2.256 -3.630  1.488
-999.0000000  390.000 335.493  1.790 -4.049  2.064
-999.0000000  365.000 337.450  1.358 -4.645  2.653
-999.0000000  340.000 339.334  1.000 -5.035  3.284
-999.0000000  315.000 341.069  0.710 -5.106  3.957
-999.0000000  290.000 342.592  0.467 -5.090  4.628
-999.0000000  265.000 343.914  0.279 -5.224  5.386
-999.0000000  240.000 345.077  0.152 -5.852  6.553
-999.0000000  215.000 346.080  0.079 -7.136  8.222
-999.0000000  190.000 347.247  0.040 -8.613  9.796
-999.0000000  165.000 349.367  0.018 -9.177  9.808
-999.0000000  140.000 353.363  0.008 -7.990  6.713
-999.0000000  115.000 363.648  0.004 -5.625  2.021
-999.0000000   90.000 389.580  0.004 -2.654 -0.340
-999.0000000   65.000 439.219  0.003  1.399 -0.672
-999.0000000   40.000 530.412  0.012 -0.815  0.293
-999.0000000   15.000 719.807  0.064 -1.942  0.045
151200  45   1002.19  day,levels,pres0
-999.0000000 1115.000 290.482 17.231 -0.214 -2.045
-999.0000000 1090.000 292.370 17.231 -0.214 -2.045
-999.0000000 1065.000 294.315 17.231 -0.214 -2.045
-999.0000000 1040.000 296.319 17.231 -0.214 -2.045
-999.0000000 1015.000 298.386 17.231 -0.214 -2.045
-999.0000000  990.000 300.520 17.231 -0.214 -2.045
-999.0000000  965.000 300.978 16.740 -0.279 -2.505
-999.0000000  940.000 301.561 16.224 -0.425 -2.816
-999.0000000  915.000 302.501 15.407 -0.676 -3.236
-999.0000000  890.000 303.672 14.581 -1.011 -3.643
-999.0000000  865.000 304.635 13.877 -1.384 -3.802
-999.0000000  840.000 305.408 13.110 -1.813 -3.681
-999.0000000  815.000 306.264 12.392 -2.260 -3.391
-999.0000000  790.000 307.395 11.733 -2.607 -3.007
-999.0000000  765.000 308.901 11.022 -2.885 -2.562
-999.0000000  740.000 310.650 10.236 -3.199 -2.105
-999.0000000  715.000 312.466  9.424 -3.569 -1.678
-999.0000000  690.000 314.129  8.658 -3.829 -1.379
-999.0000000  665.000 315.546  7.959 -3.925 -1.255
-999.0000000  640.000 316.883  7.253 -3.946 -1.245
-999.0000000  615.000 318.187  6.581 -3.910 -1.347
-999.0000000  590.000 319.783  5.973 -3.935 -1.449
-999.0000000  565.000 321.752  5.423 -4.036 -1.506
-999.0000000  540.000 323.805  4.890 -4.067 -1.446
-999.0000000  515.000 325.833  4.344 -3.986 -1.234
-999.0000000  490.000 327.812  3.805 -3.878 -0.920
-999.0000000  465.000 329.726  3.282 -3.809 -0.512
-999.0000000  440.000 331.692  2.750 -3.939 -0.043
-999.0000000  415.000 333.740  2.215 -4.324  0.496
-999.0000000  390.000 335.874  1.726 -4.849  1.138
-999.0000000  365.000 338.038  1.279 -5.398  1.910
-999.0000000  340.000 340.106  0.905 -5.723  2.800
-999.0000000  315.000 341.968  0.603 -5.802  3.802
-999.0000000  290.000 343.575  0.375 -5.944  4.892
-999.0000000  265.000 344.932  0.215 -6.377  6.135
-999.0000000  240.000 346.053  0.116 -7.239  7.677
-999.0000000  215.000 346.864  0.069 -8.440  9.369
-999.0000000  190.000 347.625  0.042 -9.534 10.433
-999.0000000  165.000 349.178  0.020 -9.592  9.227
-999.0000000  140.000 352.907  0.008 -7.803  4.827
-999.0000000  115.000 363.385  0.004 -5.096  0.082
-999.0000000   90.000 389.227  0.004 -2.504 -1.162
-999.0000000   65.000 438.721  0.003  1.087 -0.489
-999.0000000   40.000 529.413  0.012 -1.372  1.139
-999.0000000   15.000 718.791  0.061 -2.316  1.035
162000  45   1002.04  day,levels,pres0
-999.0000000 1115.000 289.872 17.747  0.040 -1.497
-999.0000000 1090.000 291.756 17.747  0.040 -1.497
-999.0000000 1065.000 293.697 17.747  0.040 -1.497
-999.0000000 1040.000 295.697 17.747  0.040 -1.497
-999.0000000 1015.000 297.760 17.747  0.040 -1.497
-999.0000000  990.000 299.889 17.747  0.040 -1.497
-999.0000000  965.000 300.616 17.116  0.010 -2.150
-999.0000000  940.000 301.297 16.349 -0.245 -2.468
-999.0000000  915.000 302.279 15.345 -0.642 -2.936
-999.0000000  890.000 303.423 14.493 -1.081 -3.410
-999.0000000  865.000 304.463 13.743 -1.544 -3.662
-999.0000000  840.000 305.362 12.990 -2.054 -3.654
-999.0000000  815.000 306.338 12.298 -2.514 -3.491
-999.0000000  790.000 307.520 11.644 -2.840 -3.253
-999.0000000  765.000 308.960 10.954 -3.065 -2.975
-999.0000000  740.000 310.575 10.208 -3.280 -2.689
-999.0000000  715.000 312.259  9.449 -3.528 -2.423
-999.0000000  690.000 313.856  8.726 -3.743 -2.227
-999.0000000  665.000 315.285  8.043 -3.907 -2.128
-999.0000000  640.000 316.599  7.304 -4.036 -2.096
-999.0000000  615.000 317.819  6.539 -4.136 -2.127
-999.0000000  590.000 319.362  5.906 -4.261 -2.142
-999.0000000  565.000 321.336  5.410 -4.411 -2.110
-999.0000000  540.000 323.448  4.923 -4.491 -2.000
-999.0000000  515.000 325.586  4.403 -4.474 -1.807
-999.0000000  490.000 327.678  3.870 -4.432 -1.608
-999.0000000  465.000 329.681  3.323 -4.419 -1.413
-999.0000000  440.000 331.673  2.782 -4.543 -1.148
-999.0000000  415.000 333.667  2.257 -4.841 -0.733
-999.0000000  390.000 335.704  1.785 -5.215 -0.027
-999.0000000  365.000 337.754  1.365 -5.593  1.037
-999.0000000  340.000 339.727  1.006 -5.848  2.376
-999.0000000  315.000 341.548  0.708 -5.992  3.901
-999.0000000  290.000 343.192  0.470 -6.238  5.415
-999.0000000  265.000 344.679  0.292 -6.734  6.855
-999.0000000  240.000 345.997  0.169 -7.539  8.283
-999.0000000  215.000 347.000  0.093 -8.538  9.583
-999.0000000  190.000 347.856  0.048 -9.445 10.240
-999.0000000  165.000 349.440  0.021 -9.502  9.017
-999.0000000  140.000 353.330  0.009 -7.896  5.304
-999.0000000  115.000 363.926  0.004 -5.444  1.347
-999.0000000   90.000 389.357  0.003 -2.833 -0.254
-999.0000000   65.000 438.540  0.003  1.218 -0.347
-999.0000000   40.000 529.506  0.012 -1.665  0.933
-999.0000000   15.000 719.761  0.064 -2.849  1.159
172800  45   1005.16  day,levels,pres0
-999.0000000 1115.000 289.265 18.190  0.300 -0.945
-999.0000000 1090.000 291.145 18.190  0.300 -0.945
-999.0000000 1065.000 293.082 18.190  0.300 -0.945
-999.0000000 1040.000 295.078 18.190  0.300 -0.945
-999.0000000 1015.000 297.136 18.190  0.300 -0.945
-999.0000000  990.000 299.261 18.190  0.300 -0.945
-999.0000000  965.000 300.252 17.461  0.302 -1.800
-999.0000000  940.000 301.030 16.460 -0.067 -2.126
-999.0000000  915.000 302.056 15.276 -0.617 -2.644
-999.0000000  890.000 303.173 14.400 -1.161 -3.184
-999.0000000  865.000 304.290 13.610 -1.710 -3.531
-999.0000000  840.000 305.318 12.872 -2.296 -3.636
-999.0000000  815.000 306.412 12.204 -2.768 -3.603
-999.0000000  790.000 307.646 11.554 -3.070 -3.513
-999.0000000  765.000 309.021 10.885 -3.240 -3.400
-999.0000000  740.000 310.502 10.181 -3.356 -3.280
-999.0000000  715.000 312.055  9.471 -3.480 -3.165
-999.0000000  690.000 313.584  8.789 -3.653 -3.068
-999.0000000  665.000 315.024  8.120 -3.888 -2.996
-999.0000000  640.000 316.312  7.347 -4.128 -2.944
-999.0000000  615.000 317.449  6.493 -4.359 -2.906
-999.0000000  590.000 318.938  5.837 -4.582 -2.837
-999.0000000  565.000 320.920  5.393 -4.784 -2.718
-999.0000000  540.000 323.090  4.950 -4.914 -2.560
-999.0000000  515.000 325.336  4.458 -4.960 -2.383
-999.0000000  490.000 327.542  3.931 -4.985 -2.298
-999.0000000  465.000 329.635  3.363 -5.026 -2.314
-999.0000000  440.000 331.654  2.814 -5.145 -2.254
-999.0000000  415.000 333.596  2.298 -5.357 -1.962
-999.0000000  390.000 335.539  1.843 -5.582 -1.191
-999.0000000  365.000 337.479  1.448 -5.788  0.166
-999.0000000  340.000 339.360  1.102 -5.975  1.957
-999.0000000  315.000 341.135  0.807 -6.185  4.006
-999.0000000  290.000 342.813  0.560 -6.533  5.943
-999.0000000  265.000 344.430  0.366 -7.093  7.580
-999.0000000  240.000 345.940  0.222 -7.839  8.891
-999.0000000  215.000 347.131  0.118 -8.637  9.798
-999.0000000  190.000 348.077  0.054 -9.359 10.047
-999.0000000  165.000 349.690  0.023 -9.415  8.813
-999.0000000  140.000 353.747  0.009 -7.989  5.787
-999.0000000  115.000 364.468  0.004 -5.790  2.613
-999.0000000   90.000 389.486  0.003 -3.162  0.654
-999.0000000   65.000 438.361  0.003  1.350 -0.206
-999.0000000   40.000 529.601  0.012 -1.957  0.728
-999.0000000   15.000 720.733  0.066 -3.382  1.283
183600  45   1006.58  day,levels,pres0
-999.0000000 1115.000 288.401 17.550 -0.578 -1.530
-999.0000000 1090.000 290.276 17.550 -0.578 -1.530
-999.0000000 1065.000 292.207 17.550 -0.578 -1.530
-999.0000000 1040.000 294.197 17.550 -0.578 -1.530
-999.0000000 1015.000 296.249 17.550 -0.578 -1.530
-999.0000000  990.000 298.368 17.550 -0.578 -1.530
-999.0000000  965.000 299.547 16.758 -0.670 -2.476
-999.0000000  940.000 300.424 16.001 -0.600 -2.747
-999.0000000  915.000 301.435 15.018 -0.646 -3.165
-999.0000000  890.000 302.503 14.176 -0.861 -3.725
-999.0000000  865.000 303.646 13.457 -1.228 -4.200
-999.0000000  840.000 304.787 12.752 -1.733 -4.510
-999.0000000  815.000 305.954 12.064 -2.279 -4.683
-999.0000000  790.000 307.229 11.388 -2.776 -4.715
-999.0000000  765.000 308.616 10.705 -3.128 -4.608
-999.0000000  740.000 310.067 10.002 -3.258 -4.384
-999.0000000  715.000 311.564  9.301 -3.192 -4.093
-999.0000000  690.000 313.087  8.643 -2.994 -3.791
-999.0000000  665.000 314.591  8.016 -2.651 -3.482
-999.0000000  640.000 315.970  7.325 -2.270 -3.165
-999.0000000  615.000 317.210  6.585 -1.886 -2.843
-999.0000000  590.000 318.743  5.981 -1.609 -2.540
-999.0000000  565.000 320.683  5.530 -1.490 -2.259
-999.0000000  540.000 322.791  5.094 -1.517 -1.957
-999.0000000  515.000 324.990  4.639 -1.697 -1.676
-999.0000000  490.000 327.237  4.135 -1.956 -1.661
-999.0000000  465.000 329.482  3.567 -2.274 -1.992
-999.0000000  440.000 331.683  3.027 -2.631 -2.478
-999.0000000  415.000 333.801  2.521 -3.018 -2.951
-999.0000000  390.000 335.885  2.049 -3.421 -3.021
-999.0000000  365.000 337.910  1.617 -3.823 -2.450
-999.0000000  340.000 339.825  1.234 -4.190 -1.164
-999.0000000  315.000 341.584  0.905 -4.553  0.772
-999.0000000  290.000 343.206  0.623 -5.045  2.949
-999.0000000  265.000 344.729  0.399 -5.749  5.089
-999.0000000  240.000 346.085  0.235 -6.628  6.886
-999.0000000  215.000 347.021  0.120 -7.533  7.856
-999.0000000  190.000 347.710  0.053 -8.415  7.816
-999.0000000  165.000 349.260  0.021 -8.819  6.747
-999.0000000  140.000 353.254  0.009 -7.736  4.650
-999.0000000  115.000 363.824  0.004 -5.420  2.162
-999.0000000   90.000 389.136  0.004 -2.348  0.004
-999.0000000   65.000 439.110  0.003  2.137 -0.650
-999.0000000   40.000 529.895  0.012 -1.432  0.318
-999.0000000   15.000 720.498  0.065 -3.191  1.301
194400  45   1005.60  day,levels,pres0
-999.0000000 1115.000 287.538 16.920 -1.445 -2.105
-999.0000000 1090.000 289.407 16.920 -1.445 -2.105
-999.0000000 1065.000 291.332 16.920 -1.445 -2.105
-999.0000000 1040.000 293.316 16.920 -1.445 -2.105
-999.0000000 1015.000 295.362 16.920 -1.445 -2.105
-999.0000000  990.000 297.474 16.920 -1.445 -2.105
-999.0000000  965.000 298.843 16.085 -1.615 -3.125
-999.0000000  940.000 299.822 15.558 -1.106 -3.349
-999.0000000  915.000 300.816 14.758 -0.655 -3.687
-999.0000000  890.000 301.833 13.944 -0.546 -4.279
-999.0000000  865.000 303.000 13.289 -0.736 -4.891
-999.0000000  840.000 304.254 12.622 -1.166 -5.415
-999.0000000  815.000 305.490 11.916 -1.794 -5.794
-999.0000000  790.000 306.809 11.218 -2.491 -5.941
-999.0000000  765.000 308.208 10.522 -3.032 -5.832
-999.0000000  740.000 309.630  9.820 -3.175 -5.494
-999.0000000  715.000 311.073  9.130 -2.914 -5.019
-999.0000000  690.000 312.590  8.496 -2.339 -4.501
-999.0000000  665.000 314.158  7.910 -1.411 -3.942
-999.0000000  640.000 315.629  7.299 -0.408 -3.357
-999.0000000  615.000 316.971  6.671  0.586 -2.760
-999.0000000  590.000 318.545  6.120  1.358 -2.229
-999.0000000  565.000 320.445  5.661  1.788 -1.788
-999.0000000  540.000 322.494  5.232  1.862 -1.345
-999.0000000  515.000 324.647  4.812  1.550 -0.961
-999.0000000  490.000 326.938  4.332  1.062 -1.016
-999.0000000  465.000 329.337  3.772  0.469 -1.665
-999.0000000  440.000 331.723  3.246 -0.122 -2.700
-999.0000000  415.000 334.017  2.753 -0.688 -3.938
-999.0000000  390.000 336.241  2.267 -1.270 -4.845
-999.0000000  365.000 338.351  1.797 -1.870 -5.057
-999.0000000  340.000 340.300  1.374 -2.416 -4.273
-999.0000000  315.000 342.039  1.008 -2.929 -2.450
-999.0000000  290.000 343.597  0.689 -3.563 -0.037
-999.0000000  265.000 345.019  0.432 -4.411  2.605
-999.0000000  240.000 346.212  0.247 -5.423  4.886
-999.0000000  215.000 346.889  0.123 -6.435  5.919
-999.0000000  190.000 347.320  0.052 -7.474  5.588
-999.0000000  165.000 348.811  0.020 -8.218  4.683
-999.0000000  140.000 352.760  0.008 -7.477  3.518
-999.0000000  115.000 363.181  0.004 -5.049  1.711
-999.0000000   90.000 388.786  0.004 -1.535 -0.646
-999.0000000   65.000 439.859  0.003  2.924 -1.094
-999.0000000   40.000 530.188  0.012 -0.906 -0.093
-999.0000000   15.000 720.269  0.065 -2.999  1.318
205200  45   1005.23  day,levels,pres0
-999.0000000 1115.000 287.189 16.861 -1.435 -2.272
-999.0000000 1090.000 289.055 16.861 -1.435 -2.272
-999.0000000 1065.000 290.978 16.861 -1.435 -2.272
-999.0000000 1040.000 292.960 16.861 -1.435 -2.272
-999.0000000 1015.000 295.003 16.861 -1.435 -2.272
-999.0000000  990.000 297.113 16.861 -1.435 -2.272
-999.0000000  965.000 298.467 15.892 -1.596 -3.231
-999.0000000  940.000 299.583 15.273 -1.156 -3.581
-999.0000000  915.000 300.577 14.503 -0.688 -3.952
-999.0000000  890.000 301.616 13.799 -0.452 -4.437
-999.0000000  865.000 302.841 13.252 -0.440 -4.926
-999.0000000  840.000 304.221 12.676 -0.613 -5.325
-999.0000000  815.000 305.589 12.007 -0.986 -5.580
-999.0000000  790.000 306.956 11.295 -1.508 -5.603
-999.0000000  765.000 308.366 10.547 -2.002 -5.372
-999.0000000  740.000 309.802  9.770 -2.208 -4.954
-999.0000000  715.000 311.265  8.995 -2.068 -4.451
-999.0000000  690.000 312.732  8.299 -1.594 -3.951
-999.0000000  665.000 314.156  7.682 -0.740 -3.472
-999.0000000  640.000 315.462  7.083  0.147 -3.058
-999.0000000  615.000 316.653  6.533  0.960 -2.725
-999.0000000  590.000 318.210  6.051  1.526 -2.414
-999.0000000  565.000 320.247  5.644  1.729 -2.111
-999.0000000  540.000 322.351  5.243  1.569 -1.769
-999.0000000  515.000 324.418  4.819  1.027 -1.432
-999.0000000  490.000 326.633  4.345  0.344 -1.373
-999.0000000  465.000 329.014  3.813 -0.384 -1.721
-999.0000000  440.000 331.403  3.287 -1.029 -2.394
-999.0000000  415.000 333.698  2.756 -1.544 -3.311
-999.0000000  390.000 335.874  2.229 -1.973 -4.159
-999.0000000  365.000 337.875  1.721 -2.309 -4.673
-999.0000000  340.000 339.705  1.292 -2.499 -4.495
-999.0000000  315.000 341.335  0.944 -2.570 -3.455
-999.0000000  290.000 342.773  0.642 -2.678 -1.687
-999.0000000  265.000 344.072  0.400 -3.013  0.622
-999.0000000  240.000 345.264  0.229 -3.943  3.086
-999.0000000  215.000 346.146  0.116 -5.609  4.952
-999.0000000  190.000 346.873  0.050 -7.614  5.601
-999.0000000  165.000 348.729  0.019 -8.983  5.141
-999.0000000  140.000 353.009  0.007 -8.146  3.395
-999.0000000  115.000 363.817  0.004 -5.275  0.812
-999.0000000   90.000 390.039  0.004 -1.403 -1.090
-999.0000000   65.000 440.802  0.003  3.134 -0.841
-999.0000000   40.000 530.956  0.013 -0.624  0.225
-999.0000000   15.000 720.156  0.065 -2.660  0.993
216000  45   1007.20  day,levels,pres0
-999.0000000 1115.000 286.839 16.796 -1.439 -2.451
-999.0000000 1090.000 288.703 16.796 -1.439 -2.451
-999.0000000 1065.000 290.624 16.796 -1.439 -2.451
-999.0000000 1040.000 292.603 16.796 -1.439 -2.451
-999.0000000 1015.000 294.644 16.796 -1.439 -2.451
-999.0000000  990.000 296.751 16.796 -1.439 -2.451
-999.0000000  965.000 298.086 15.692 -1.610 -3.366
-999.0000000  940.000 299.339 14.985 -1.238 -3.836
-999.0000000  915.000 300.337 14.245 -0.743 -4.218
-999.0000000  890.000 301.400 13.650 -0.375 -4.582
-999.0000000  865.000 302.686 13.211 -0.153 -4.938
-999.0000000  840.000 304.189 12.729 -0.058 -5.202
-999.0000000  815.000 305.691 12.101 -0.170 -5.330
-999.0000000  790.000 307.108 11.374 -0.511 -5.237
-999.0000000  765.000 308.527 10.574 -0.952 -4.893
-999.0000000  740.000 309.979  9.719 -1.221 -4.405
-999.0000000  715.000 311.459  8.857 -1.208 -3.885
-999.0000000  690.000 312.876  8.098 -0.843 -3.416
-999.0000000  665.000 314.154  7.454 -0.069 -3.033
-999.0000000  640.000 315.295  6.870  0.698 -2.792
-999.0000000  615.000 316.337  6.398  1.335 -2.715
-999.0000000  590.000 317.878  5.983  1.701 -2.615
-999.0000000  565.000 320.051  5.627  1.686 -2.446
-999.0000000  540.000 322.209  5.253  1.296 -2.203
-999.0000000  515.000 324.186  4.822  0.520 -1.911
-999.0000000  490.000 326.321  4.352 -0.362 -1.739
-999.0000000  465.000 328.682  3.847 -1.230 -1.782
-999.0000000  440.000 331.073  3.320 -1.930 -2.090
-999.0000000  415.000 333.369  2.753 -2.393 -2.687
-999.0000000  390.000 335.495  2.189 -2.665 -3.479
-999.0000000  365.000 337.386  1.647 -2.735 -4.300
-999.0000000  340.000 339.098  1.214 -2.571 -4.730
-999.0000000  315.000 340.623  0.884 -2.201 -4.471
-999.0000000  290.000 341.948  0.598 -1.785 -3.348
-999.0000000  265.000 343.132  0.371 -1.607 -1.369
-999.0000000  240.000 344.329  0.213 -2.454  1.280
-999.0000000  215.000 345.423  0.109 -4.776  3.979
-999.0000000  190.000 346.448  0.049 -7.751  5.610
-999.0000000  165.000 348.666  0.018 -9.752  5.597
-999.0000000  140.000 353.260  0.006 -8.820  3.268
-999.0000000  115.000 364.451  0.004 -5.501 -0.087
-999.0000000   90.000 391.291  0.004 -1.271 -1.534
-999.0000000   65.000 441.743  0.002  3.343 -0.589
-999.0000000   40.000 531.721  0.013 -0.342  0.542
-999.0000000   15.000 720.043  0.064 -2.320  0.669
226800  45   1007.52  day,levels,pres0
-999.0000000 1115.000 287.768 15.960  -1.585 -2.158
-999.0000000 1090.000 289.639 15.960  -1.585 -2.158
-999.0000000 1065.000 291.565 15.960  -1.585 -2.158
-999.0000000 1040.000 293.551 15.960  -1.585 -2.158
-999.0000000 1015.000 295.599 15.960  -1.585 -2.158
-999.0000000  990.000 297.713 15.960  -1.585 -2.158
-999.0000000  965.000 298.466 15.189  -1.805 -2.812
-999.0000000  940.000 299.390 14.557  -1.699 -3.282
-999.0000000  915.000 300.321 13.888  -1.474 -3.764
-999.0000000  890.000 301.244 13.444  -1.190 -4.095
-999.0000000  865.000 302.497 12.831  -0.888 -4.317
-999.0000000  840.000 304.136 12.030  -0.522 -4.458
-999.0000000  815.000 305.718 11.394  -0.290 -4.366
-999.0000000  790.000 307.198 10.806  -0.332 -3.926
-999.0000000  765.000 308.688 10.130  -0.485 -3.342
-999.0000000  740.000 310.183  9.390  -0.547 -2.905
-999.0000000  715.000 311.675  8.646  -0.440 -2.716
-999.0000000  690.000 313.115  7.980  -0.171 -2.753
-999.0000000  665.000 314.454  7.407   0.274 -3.044
-999.0000000  640.000 315.738  6.876   0.682 -3.337
-999.0000000  615.000 316.995  6.423   0.979 -3.551
-999.0000000  590.000 318.579  6.014   1.095 -3.571
-999.0000000  565.000 320.565  5.648   0.962 -3.340
-999.0000000  540.000 322.582  5.276   0.556 -2.975
-999.0000000  515.000 324.543  4.877  -0.153 -2.528
-999.0000000  490.000 326.688  4.411  -1.003 -2.190
-999.0000000  465.000 329.057  3.870  -1.899 -2.049
-999.0000000  440.000 331.458  3.305  -2.593 -2.123
-999.0000000  415.000 333.771  2.702  -2.972 -2.434
-999.0000000  390.000 335.955  2.117  -3.056 -2.910
-999.0000000  365.000 337.927  1.565  -2.859 -3.415
-999.0000000  340.000 339.632  1.153  -2.481 -3.567
-999.0000000  315.000 341.068  0.869  -2.026 -3.108
-999.0000000  290.000 342.417  0.607  -1.681 -1.895
-999.0000000  265.000 343.753  0.387  -1.690  0.029
-999.0000000  240.000 344.921  0.223  -2.655  2.295
-999.0000000  215.000 345.725  0.112  -5.070  4.405
-999.0000000  190.000 346.582  0.049  -8.310  5.728
-999.0000000  165.000 348.855  0.018 -10.144  5.323
-999.0000000  140.000 353.456  0.006  -8.345  2.467
-999.0000000  115.000 364.461  0.004  -4.477 -0.857
-999.0000000   90.000 390.982  0.004  -0.598 -1.925
-999.0000000   65.000 441.045  0.002   3.587 -1.010
-999.0000000   40.000 531.433  0.013  -0.283  0.267
-999.0000000   15.000 720.059  0.064  -2.214  0.508
237600  45   1002.88  day,levels,pres0
-999.0000000 1115.000 288.673 14.896  -1.726 -1.860
-999.0000000 1090.000 290.549 14.896  -1.726 -1.860
-999.0000000 1065.000 292.482 14.896  -1.726 -1.860
-999.0000000 1040.000 294.474 14.896  -1.726 -1.860
-999.0000000 1015.000 296.528 14.896  -1.726 -1.860
-999.0000000  990.000 298.648 14.896  -1.726 -1.860
-999.0000000  965.000 298.819 14.599  -1.975 -2.161
-999.0000000  940.000 299.434 14.108  -2.156 -2.545
-999.0000000  915.000 300.315 13.544  -2.234 -3.134
-999.0000000  890.000 301.108 13.270  -2.055 -3.469
-999.0000000  865.000 302.331 12.487  -1.679 -3.598
-999.0000000  840.000 304.100 11.356  -1.036 -3.684
-999.0000000  815.000 305.748 10.689  -0.460 -3.436
-999.0000000  790.000 307.284 10.225  -0.231 -2.641
-999.0000000  765.000 308.844  9.673  -0.113 -1.787
-999.0000000  740.000 310.389  9.053   0.038 -1.372
-999.0000000  715.000 311.897  8.435   0.257 -1.490
-999.0000000  690.000 313.363  7.864   0.457 -2.012
-999.0000000  665.000 314.761  7.360   0.609 -2.967
-999.0000000  640.000 316.188  6.882   0.675 -3.823
-999.0000000  615.000 317.666  6.450   0.632 -4.405
-999.0000000  590.000 319.296  6.049   0.493 -4.581
-999.0000000  565.000 321.097  5.680   0.228 -4.277
-999.0000000  540.000 322.976  5.313  -0.201 -3.787
-999.0000000  515.000 324.925  4.948  -0.840 -3.195
-999.0000000  490.000 327.085  4.487  -1.655 -2.689
-999.0000000  465.000 329.468  3.908  -2.580 -2.343
-999.0000000  440.000 331.878  3.303  -3.271 -2.170
-999.0000000  415.000 334.206  2.657  -3.567 -2.188
-999.0000000  390.000 336.441  2.045  -3.465 -2.324
-999.0000000  365.000 338.487  1.475  -2.998 -2.473
-999.0000000  340.000 340.175  1.085  -2.401 -2.324
-999.0000000  315.000 341.506  0.850  -1.852 -1.668
-999.0000000  290.000 342.857  0.613  -1.573 -0.386
-999.0000000  265.000 344.314  0.400  -1.774  1.446
-999.0000000  240.000 345.424  0.233  -2.863  3.301
-999.0000000  215.000 345.916  0.114  -5.374  4.816
-999.0000000  190.000 346.599  0.049  -8.878  5.834
-999.0000000  165.000 348.970  0.017 -10.529  5.035
-999.0000000  140.000 353.654  0.005  -7.861  1.665
-999.0000000  115.000 364.483  0.004  -3.451 -1.627
-999.0000000   90.000 390.684  0.004   0.075 -2.316
-999.0000000   65.000 440.357  0.002   3.831 -1.432
-999.0000000   40.000 531.157  0.013  -0.225 -0.007
-999.0000000   15.000 720.093  0.064  -2.107  0.346
248400  45   1001.39  day,levels,pres0
-999.0000000 1115.000 288.320 15.118  -2.600 -1.055
-999.0000000 1090.000 290.194 15.118  -2.600 -1.055
-999.0000000 1065.000 292.124 15.118  -2.600 -1.055
-999.0000000 1040.000 294.114 15.118  -2.600 -1.055
-999.0000000 1015.000 296.165 15.118  -2.600 -1.055
-999.0000000  990.000 298.283 15.118  -2.600 -1.055
-999.0000000  965.000 298.841 14.701  -3.278 -1.559
-999.0000000  940.000 299.584 14.120  -3.304 -2.283
-999.0000000  915.000 300.612 13.443  -3.147 -3.053
-999.0000000  890.000 301.675 12.961  -2.860 -3.499
-999.0000000  865.000 303.072 12.109  -2.443 -3.625
-999.0000000  840.000 304.799 11.124  -1.815 -3.531
-999.0000000  815.000 306.400 10.522  -1.179 -3.132
-999.0000000  790.000 307.884 10.058  -0.722 -2.446
-999.0000000  765.000 309.372  9.517  -0.343 -1.830
-999.0000000  740.000 310.857  8.921   0.002 -1.645
-999.0000000  715.000 312.344  8.321   0.329 -1.924
-999.0000000  690.000 313.814  7.732   0.584 -2.496
-999.0000000  665.000 315.240  7.156   0.741 -3.351
-999.0000000  640.000 316.695  6.622   0.839 -4.059
-999.0000000  615.000 318.188  6.145   0.864 -4.481
-999.0000000  590.000 319.799  5.754   0.766 -4.610
-999.0000000  565.000 321.540  5.463   0.494 -4.407
-999.0000000  540.000 323.366  5.156   0.020 -4.032
-999.0000000  515.000 325.268  4.834  -0.700 -3.523
-999.0000000  490.000 327.323  4.398  -1.630 -3.004
-999.0000000  465.000 329.527  3.836  -2.692 -2.546
-999.0000000  440.000 331.774  3.231  -3.511 -2.272
-999.0000000  415.000 333.992  2.573  -3.930 -2.247
-999.0000000  390.000 336.153  1.971  -4.032 -2.442
-999.0000000  365.000 338.160  1.427  -3.812 -2.700
-999.0000000  340.000 339.859  1.059  -3.249 -2.505
-999.0000000  315.000 341.233  0.838  -2.492 -1.608
-999.0000000  290.000 342.579  0.604  -2.030 -0.072
-999.0000000  265.000 343.971  0.390  -2.202  1.871
-999.0000000  240.000 345.068  0.225  -3.334  3.585
-999.0000000  215.000 345.703  0.110  -5.846  4.766
-999.0000000  190.000 346.640  0.048  -9.308  5.518
-999.0000000  165.000 349.156  0.018 -10.620  4.714
-999.0000000  140.000 353.914  0.006  -7.372  1.766
-999.0000000  115.000 364.694  0.004  -2.695 -1.060
-999.0000000   90.000 390.306  0.004   0.763 -1.815
-999.0000000   65.000 439.568  0.003   4.364 -1.233
-999.0000000   40.000 530.208  0.012  -0.561 -0.263
-999.0000000   15.000 719.618  0.063  -2.971  0.092
259200  45   1004.32  day,levels,pres0
-999.0000000 1115.000 287.965 15.318  -3.470 -0.291
-999.0000000 1090.000 289.837 15.318  -3.470 -0.291
-999.0000000 1065.000 291.765 15.318  -3.470 -0.291
-999.0000000 1040.000 293.752 15.318  -3.470 -0.291
-999.0000000 1015.000 295.801 15.318  -3.470 -0.291
-999.0000000  990.000 297.916 15.318  -3.470 -0.291
-999.0000000  965.000 298.851 14.787  -4.584 -1.019
-999.0000000  940.000 299.729 14.121  -4.470 -2.092
-999.0000000  915.000 300.911 13.338  -4.106 -3.050
-999.0000000  890.000 302.253 12.627  -3.727 -3.587
-999.0000000  865.000 303.828 11.685  -3.283 -3.677
-999.0000000  840.000 305.508 10.859  -2.646 -3.385
-999.0000000  815.000 307.054 10.324  -1.902 -2.840
-999.0000000  790.000 308.489  9.865  -1.198 -2.237
-999.0000000  765.000 309.910  9.347  -0.550 -1.835
-999.0000000  740.000 311.339  8.785  -0.013 -1.875
-999.0000000  715.000 312.805  8.206   0.409 -2.323
-999.0000000  690.000 314.276  7.593   0.709 -2.946
-999.0000000  665.000 315.719  6.933   0.867 -3.697
-999.0000000  640.000 317.192  6.331   0.993 -4.260
-999.0000000  615.000 318.695  5.799   1.082 -4.525
-999.0000000  590.000 320.282  5.418   1.023 -4.619
-999.0000000  565.000 321.963  5.214   0.745 -4.533
-999.0000000  540.000 323.734  4.974   0.229 -4.276
-999.0000000  515.000 325.591  4.697  -0.570 -3.840
-999.0000000  490.000 327.536  4.292  -1.609 -3.307
-999.0000000  465.000 329.556  3.752  -2.806 -2.750
-999.0000000  440.000 331.644  3.150  -3.755 -2.389
-999.0000000  415.000 333.761  2.486  -4.307 -2.337
-999.0000000  390.000 335.857  1.898  -4.617 -2.596
-999.0000000  365.000 337.836  1.381  -4.636 -2.959
-999.0000000  340.000 339.556  1.035  -4.098 -2.709
-999.0000000  315.000 340.980  0.828  -3.121 -1.562
-999.0000000  290.000 342.326  0.597  -2.468  0.231
-999.0000000  265.000 343.661  0.381  -2.609  2.286
-999.0000000  240.000 344.755  0.218  -3.782  3.856
-999.0000000  215.000 345.539  0.107  -6.298  4.705
-999.0000000  190.000 346.718  0.047  -9.727  5.200
-999.0000000  165.000 349.357  0.019 -10.717  4.398
-999.0000000  140.000 354.168  0.006  -6.891  1.863
-999.0000000  115.000 364.900  0.004  -1.940 -0.495
-999.0000000   90.000 389.922  0.004   1.450 -1.314
-999.0000000   65.000 438.776  0.003   4.898 -1.034
-999.0000000   40.000 529.258  0.012  -0.897 -0.519
-999.0000000   15.000 719.140  0.062  -3.834 -0.163
266400  45   1006.74  day,levels,pres0
-999.0000000 1115.000 287.652 15.623  -3.976 -0.835
-999.0000000 1090.000 289.522 15.623  -3.976 -0.835
-999.0000000 1065.000 291.448 15.623  -3.976 -0.835
-999.0000000 1040.000 293.432 15.623  -3.976 -0.835
-999.0000000 1015.000 295.479 15.623  -3.976 -0.835
-999.0000000  990.000 297.592 15.623  -3.976 -0.835
-999.0000000  965.000 298.943 14.888  -5.539 -1.945
-999.0000000  940.000 300.156 13.974  -5.665 -3.221
-999.0000000  915.000 301.414 13.017  -5.426 -4.326
-999.0000000  890.000 302.706 12.193  -5.100 -5.011
-999.0000000  865.000 304.122 11.357  -4.632 -5.063
-999.0000000  840.000 305.573 10.657  -3.952 -4.534
-999.0000000  815.000 306.935 10.127  -3.125 -3.751
-999.0000000  790.000 308.253  9.680  -2.232 -2.943
-999.0000000  765.000 309.565  9.254  -1.311 -2.308
-999.0000000  740.000 310.889  8.829  -0.429 -2.005
-999.0000000  715.000 312.260  8.385   0.379 -2.004
-999.0000000  690.000 313.680  7.860   1.079 -2.171
-999.0000000  665.000 315.134  7.231   1.640 -2.497
-999.0000000  640.000 316.646  6.597   2.117 -2.765
-999.0000000  615.000 318.212  5.949   2.483 -2.929
-999.0000000  590.000 319.853  5.455   2.635 -3.105
-999.0000000  565.000 321.560  5.132   2.489 -3.296
-999.0000000  540.000 323.334  4.839   2.036 -3.365
-999.0000000  515.000 325.165  4.579   1.211 -3.236
-999.0000000  490.000 327.089  4.191   0.044 -2.890
-999.0000000  465.000 329.096  3.669  -1.404 -2.379
-999.0000000  440.000 331.161  3.061  -2.722 -2.067
-999.0000000  415.000 333.258  2.369  -3.754 -2.133
-999.0000000  390.000 335.394  1.756  -4.573 -2.614
-999.0000000  365.000 337.468  1.216  -5.077 -3.253
-999.0000000  340.000 339.232  0.901  -4.929 -3.096
-999.0000000  315.000 340.616  0.760  -4.214 -1.809
-999.0000000  290.000 341.910  0.566  -3.712  0.149
-999.0000000  265.000 343.247  0.366  -3.978  2.235
-999.0000000  240.000 344.434  0.213  -5.375  3.564
-999.0000000  215.000 345.337  0.106  -7.934  4.079
-999.0000000  190.000 346.604  0.048 -10.599  4.566
-999.0000000  165.000 349.397  0.018 -10.184  4.014
-999.0000000  140.000 354.372  0.006  -5.516  1.955
-999.0000000  115.000 365.156  0.004  -0.878  0.360
-999.0000000   90.000 390.369  0.004   1.758  0.132
-999.0000000   65.000 439.398  0.003   4.985  0.153
-999.0000000   40.000 530.118  0.012  -0.549  0.119
-999.0000000   15.000 720.046  0.064  -3.234  0.085
277200  45   1005.87  day,levels,pres0
-999.0000000 1115.000 287.333 15.898  -4.469 -1.363
-999.0000000 1090.000 289.201 15.898  -4.469 -1.363
-999.0000000 1065.000 291.124 15.898  -4.469 -1.363
-999.0000000 1040.000 293.107 15.898  -4.469 -1.363
-999.0000000 1015.000 295.152 15.898  -4.469 -1.363
-999.0000000  990.000 297.262 15.898  -4.469 -1.363
-999.0000000  965.000 299.026 14.974  -6.482 -2.859
-999.0000000  940.000 300.576 13.798  -6.839 -4.355
-999.0000000  915.000 301.915 12.657  -6.721 -5.620
-999.0000000  890.000 303.162 11.726  -6.452 -6.449
-999.0000000  865.000 304.421 11.018  -5.972 -6.463
-999.0000000  840.000 305.643 10.457  -5.266 -5.694
-999.0000000  815.000 306.820  9.936  -4.364 -4.679
-999.0000000  790.000 308.019  9.499  -3.281 -3.679
-999.0000000  765.000 309.221  9.160  -2.084 -2.817
-999.0000000  740.000 310.440  8.861  -0.856 -2.165
-999.0000000  715.000 311.716  8.541   0.342 -1.704
-999.0000000  690.000 313.082  8.096   1.442 -1.403
-999.0000000  665.000 314.547  7.497   2.403 -1.289
-999.0000000  640.000 316.100  6.836   3.228 -1.250
-999.0000000  615.000 317.733  6.085   3.865 -1.300
-999.0000000  590.000 319.429  5.487   4.224 -1.553
-999.0000000  565.000 321.167  5.054   4.210 -2.027
-999.0000000  540.000 322.943  4.709   3.819 -2.424
-999.0000000  515.000 324.750  4.466   2.969 -2.608
-999.0000000  490.000 326.648  4.093   1.679 -2.451
-999.0000000  465.000 328.638  3.587  -0.014 -1.986
-999.0000000  440.000 330.678  2.973  -1.695 -1.720
-999.0000000  415.000 332.752  2.255  -3.203 -1.899
-999.0000000  390.000 334.925  1.620  -4.530 -2.599
-999.0000000  365.000 337.096  1.056  -5.519 -3.513
-999.0000000  340.000 338.904  0.770  -5.761 -3.454
-999.0000000  315.000 340.244  0.695  -5.307 -2.036
-999.0000000  290.000 341.488  0.535  -4.958  0.079
-999.0000000  265.000 342.825  0.352  -5.349  2.191
-999.0000000  240.000 344.106  0.207  -6.971  3.272
-999.0000000  215.000 345.129  0.105  -9.571  3.454
-999.0000000  190.000 346.484  0.048 -11.470  3.935
-999.0000000  165.000 349.439  0.017  -9.643  3.636
-999.0000000  140.000 354.577  0.005  -4.138  2.053
-999.0000000  115.000 365.414  0.004   0.185  1.216
-999.0000000   90.000 390.817  0.004   2.065  1.577
-999.0000000   65.000 440.020  0.003   5.073  1.340
-999.0000000   40.000 530.979  0.013  -0.201  0.757
-999.0000000   15.000 720.949  0.067  -2.634  0.333
288000  45   1005.28  day,levels,pres0
-999.0000000 1115.000 287.386 15.911  -4.019 -1.638
-999.0000000 1090.000 289.255 15.911  -4.019 -1.638
-999.0000000 1065.000 291.178 15.911  -4.019 -1.638
-999.0000000 1040.000 293.161 15.911  -4.019 -1.638
-999.0000000 1015.000 295.207 15.911  -4.019 -1.638
-999.0000000  990.000 297.318 15.911  -4.019 -1.638
-999.0000000  965.000 298.851 14.842  -6.058 -3.352
-999.0000000  940.000 300.490 13.655  -6.760 -5.044
-999.0000000  915.000 301.870 12.636  -6.816 -6.374
-999.0000000  890.000 303.164 11.747  -6.508 -6.980
-999.0000000  865.000 304.408 11.005  -5.944 -6.603
-999.0000000  840.000 305.598 10.412  -5.225 -5.592
-999.0000000  815.000 306.835  9.890  -4.333 -4.419
-999.0000000  790.000 308.131  9.477  -3.278 -3.323
-999.0000000  765.000 309.437  9.146  -2.131 -2.393
-999.0000000  740.000 310.749  8.799  -0.961 -1.678
-999.0000000  715.000 312.096  8.388   0.189 -1.140
-999.0000000  690.000 313.479  7.907   1.264 -0.719
-999.0000000  665.000 314.884  7.337   2.221 -0.436
-999.0000000  640.000 316.340  6.748   3.015 -0.285
-999.0000000  615.000 317.848  6.135   3.588 -0.320
-999.0000000  590.000 319.462  5.587   3.926 -0.657
-999.0000000  565.000 321.189  5.105   3.971 -1.309
-999.0000000  540.000 322.974  4.702   3.750 -1.845
-999.0000000  515.000 324.787  4.381   3.186 -2.089
-999.0000000  490.000 326.666  3.976   2.172 -1.961
-999.0000000  465.000 328.606  3.487   0.683 -1.513
-999.0000000  440.000 330.617  2.888  -0.935 -1.286
-999.0000000  415.000 332.694  2.183  -2.547 -1.553
-999.0000000  390.000 334.855  1.539  -4.079 -2.425
-999.0000000  365.000 336.984  0.949  -5.355 -3.628
-999.0000000  340.000 338.743  0.658  -5.966 -4.006
-999.0000000  315.000 340.034  0.593  -5.895 -3.100
-999.0000000  290.000 341.209  0.469  -5.753 -1.301
-999.0000000  265.000 342.455  0.328  -6.109  0.856
-999.0000000  240.000 343.650  0.201  -7.547  2.344
-999.0000000  215.000 344.752  0.101  -9.841  2.898
-999.0000000  190.000 346.537  0.042 -11.056  3.082
-999.0000000  165.000 349.936  0.013  -8.463  2.194
-999.0000000  140.000 355.008  0.005  -3.228  0.670
-999.0000000  115.000 365.449  0.004   0.045  0.397
-999.0000000   90.000 390.761  0.004   1.376  1.439
-999.0000000   65.000 439.966  0.003   4.604  1.942
-999.0000000   40.000 530.733  0.012  -0.479  1.142
-999.0000000   15.000 720.192  0.065  -2.981  0.558
298800  45   1006.85  day,levels,pres0
-999.0000000 1115.000 287.441 15.924  -3.569 -1.921
-999.0000000 1090.000 289.309 15.924  -3.569 -1.921
-999.0000000 1065.000 291.233 15.924  -3.569 -1.921
-999.0000000 1040.000 293.217 15.924  -3.569 -1.921
-999.0000000 1015.000 295.262 15.924  -3.569 -1.921
-999.0000000  990.000 297.374 15.924  -3.569 -1.921
-999.0000000  965.000 298.677 14.712  -5.632 -3.850
-999.0000000  940.000 300.402 13.513  -6.680 -5.733
-999.0000000  915.000 301.827 12.617  -6.911 -7.130
-999.0000000  890.000 303.167 11.768  -6.563 -7.512
-999.0000000  865.000 304.395 10.992  -5.913 -6.739
-999.0000000  840.000 305.554 10.365  -5.183 -5.483
-999.0000000  815.000 306.846  9.840  -4.305 -4.153
-999.0000000  790.000 308.239  9.449  -3.280 -2.964
-999.0000000  765.000 309.649  9.127  -2.184 -1.971
-999.0000000  740.000 311.056  8.728  -1.071 -1.191
-999.0000000  715.000 312.476  8.222   0.033 -0.571
-999.0000000  690.000 313.877  7.703   1.085 -0.022
-999.0000000  665.000 315.226  7.167   2.044  0.434
-999.0000000  640.000 316.584  6.657   2.811  0.698
-999.0000000  615.000 317.965  6.187   3.325  0.676
-999.0000000  590.000 319.500  5.690   3.642  0.255
-999.0000000  565.000 321.215  5.157   3.743 -0.573
-999.0000000  540.000 323.005  4.695   3.690 -1.246
-999.0000000  515.000 324.825  4.295   3.405 -1.553
-999.0000000  490.000 326.682  3.858   2.662 -1.458
-999.0000000  465.000 328.571  3.386   1.374 -1.033
-999.0000000  440.000 330.554  2.803  -0.184 -0.847
-999.0000000  415.000 332.635  2.111  -1.902 -1.202
-999.0000000  390.000 334.785  1.459  -3.637 -2.243
-999.0000000  365.000 336.875  0.843  -5.199 -3.729
-999.0000000  340.000 338.587  0.547  -6.175 -4.545
-999.0000000  315.000 339.828  0.494  -6.483 -4.153
-999.0000000  290.000 340.931  0.404  -6.548 -2.675
-999.0000000  265.000 342.082  0.305  -6.869 -0.476
-999.0000000  240.000 343.187  0.194  -8.123  1.416
-999.0000000  215.000 344.371  0.096 -10.111  2.342
-999.0000000  190.000 346.585  0.036 -10.644  2.229
-999.0000000  165.000 350.438  0.009  -7.287  0.752
-999.0000000  140.000 355.441  0.004  -2.319 -0.712
-999.0000000  115.000 365.483  0.004  -0.095 -0.422
-999.0000000   90.000 390.708  0.004   0.687  1.301
-999.0000000   65.000 439.909  0.003   4.135  2.545
-999.0000000   40.000 530.487  0.012  -0.757  1.528
-999.0000000   15.000 719.432  0.063  -3.328  0.784
309600  45   1006.34  day,levels,pres0
-999.0000000 1115.000 290.129 15.742 -3.472 -1.948
-999.0000000 1090.000 292.015 15.742 -3.472 -1.948
-999.0000000 1065.000 293.957 15.742 -3.472 -1.948
-999.0000000 1040.000 295.959 15.742 -3.472 -1.948
-999.0000000 1015.000 298.024 15.742 -3.472 -1.948
-999.0000000  990.000 300.155 15.742 -3.472 -1.948
-999.0000000  965.000 300.730 14.798 -4.864 -3.106
-999.0000000  940.000 301.556 14.036 -5.533 -4.117
-999.0000000  915.000 302.330 13.686 -5.779 -4.895
-999.0000000  890.000 303.182 13.301 -5.705 -5.187
-999.0000000  865.000 304.194 12.301 -5.366 -4.870
-999.0000000  840.000 305.285 11.290 -4.890 -4.235
-999.0000000  815.000 306.362 10.635 -4.301 -3.468
-999.0000000  790.000 307.748  9.760 -3.595 -2.633
-999.0000000  765.000 309.403  8.975 -2.716 -1.748
-999.0000000  740.000 311.031  8.510 -1.677 -0.990
-999.0000000  715.000 312.528  8.257 -0.556 -0.420
-999.0000000  690.000 313.978  7.898  0.519  0.065
-999.0000000  665.000 315.364  7.424  1.500  0.442
-999.0000000  640.000 316.772  6.929  2.325  0.603
-999.0000000  615.000 318.219  6.426  2.939  0.464
-999.0000000  590.000 319.836  5.902  3.358  0.027
-999.0000000  565.000 321.653  5.348  3.540 -0.661
-999.0000000  540.000 323.564  4.827  3.482 -1.035
-999.0000000  515.000 325.522  4.323  3.093 -0.916
-999.0000000  490.000 327.521  3.770  2.215 -0.557
-999.0000000  465.000 329.530  3.160  0.791 -0.173
-999.0000000  440.000 331.537  2.483 -0.845 -0.402
-999.0000000  415.000 333.496  1.742 -2.552 -1.495
-999.0000000  390.000 335.382  1.117 -4.179 -3.183
-999.0000000  365.000 337.115  0.608 -5.536 -4.987
-999.0000000  340.000 338.600  0.396 -6.278 -5.629
-999.0000000  315.000 339.827  0.396 -6.358 -4.650
-999.0000000  290.000 341.012  0.356 -6.220 -2.668
-999.0000000  265.000 342.234  0.295 -6.343 -0.281
-999.0000000  240.000 343.380  0.192 -7.408  1.588
-999.0000000  215.000 344.769  0.086 -9.233  2.306
-999.0000000  190.000 347.303  0.027 -9.566  1.790
-999.0000000  165.000 351.047  0.007 -6.205  0.301
-999.0000000  140.000 355.554  0.004 -1.368 -0.632
-999.0000000  115.000 365.268  0.004  0.738  0.015
-999.0000000   90.000 390.348  0.004  1.136  1.624
-999.0000000   65.000 439.636  0.003  3.888  2.557
-999.0000000   40.000 531.069  0.013 -0.961  1.668
-999.0000000   15.000 721.158  0.067 -3.325  0.938
320400  45   1002.33  day,levels,pres0
-999.0000000 1115.000 292.818 14.901 -3.361 -1.994
-999.0000000 1090.000 294.721 14.901 -3.361 -1.994
-999.0000000 1065.000 296.682 14.901 -3.361 -1.994
-999.0000000 1040.000 298.702 14.901 -3.361 -1.994
-999.0000000 1015.000 300.786 14.901 -3.361 -1.994
-999.0000000  990.000 302.937 14.901 -3.361 -1.994
-999.0000000  965.000 302.784 14.618 -4.071 -2.388
-999.0000000  940.000 302.712 14.557 -4.360 -2.534
-999.0000000  915.000 302.837 14.813 -4.627 -2.698
-999.0000000  890.000 303.205 14.846 -4.840 -2.862
-999.0000000  865.000 303.998 13.581 -4.821 -2.958
-999.0000000  840.000 305.019 12.183 -4.600 -2.953
-999.0000000  815.000 305.876 11.371 -4.334 -2.771
-999.0000000  790.000 307.251 10.035 -3.979 -2.322
-999.0000000  765.000 309.147  8.816 -3.291 -1.554
-999.0000000  740.000 310.996  8.284 -2.293 -0.813
-999.0000000  715.000 312.574  8.288 -1.145 -0.284
-999.0000000  690.000 314.077  8.093 -0.041  0.148
-999.0000000  665.000 315.507  7.686  0.964  0.456
-999.0000000  640.000 316.967  7.212  1.850  0.521
-999.0000000  615.000 318.483  6.676  2.573  0.269
-999.0000000  590.000 320.187  6.128  3.098 -0.187
-999.0000000  565.000 322.107  5.553  3.354 -0.744
-999.0000000  540.000 324.140  4.969  3.288 -0.822
-999.0000000  515.000 326.238  4.350  2.793 -0.274
-999.0000000  490.000 328.376  3.664  1.779  0.351
-999.0000000  465.000 330.499  2.893  0.227  0.696
-999.0000000  440.000 332.522  2.108 -1.489  0.052
-999.0000000  415.000 334.355  1.323 -3.195 -1.787
-999.0000000  390.000 335.970  0.745 -4.722 -4.122
-999.0000000  365.000 337.342  0.364 -5.886 -6.236
-999.0000000  340.000 338.599  0.245 -6.393 -6.703
-999.0000000  315.000 339.812  0.299 -6.241 -5.141
-999.0000000  290.000 341.079  0.307 -5.898 -2.656
-999.0000000  265.000 342.378  0.284 -5.820 -0.083
-999.0000000  240.000 343.566  0.190 -6.692  1.761
-999.0000000  215.000 345.159  0.075 -8.353  2.273
-999.0000000  190.000 348.006  0.016 -8.486  1.348
-999.0000000  165.000 351.644  0.004 -5.125 -0.158
-999.0000000  140.000 355.666  0.004 -0.421 -0.556
-999.0000000  115.000 365.052  0.004  1.571  0.451
-999.0000000   90.000 389.987  0.005  1.585  1.948
-999.0000000   65.000 439.363  0.003  3.641  2.570
-999.0000000   40.000 531.653  0.013 -1.166  1.808
-999.0000000   15.000 722.885  0.071 -3.322  1.092
331200  45   1000.84  day,levels,pres0
-999.0000000 1115.000 292.598 15.181 -3.181 -1.311
-999.0000000 1090.000 294.500 15.181 -3.181 -1.311
-999.0000000 1065.000 296.459 15.181 -3.181 -1.311
-999.0000000 1040.000 298.477 15.181 -3.181 -1.311
-999.0000000 1015.000 300.560 15.181 -3.181 -1.311
-999.0000000  990.000 302.709 15.181 -3.181 -1.311
-999.0000000  965.000 302.975 14.668 -4.078 -1.879
-999.0000000  940.000 303.003 14.589 -4.307 -2.133
-999.0000000  915.000 303.156 14.696 -4.453 -2.355
-999.0000000  890.000 303.543 14.629 -4.537 -2.586
-999.0000000  865.000 304.246 13.670 -4.393 -2.749
-999.0000000  840.000 305.126 12.451 -4.048 -2.778
-999.0000000  815.000 306.040 11.386 -3.753 -2.624
-999.0000000  790.000 307.482  9.922 -3.567 -2.203
-999.0000000  765.000 309.440  8.705 -3.200 -1.571
-999.0000000  740.000 311.244  8.217 -2.466 -0.972
-999.0000000  715.000 312.640  8.262 -1.447 -0.513
-999.0000000  690.000 313.966  8.104 -0.432 -0.087
-999.0000000  665.000 315.256  7.749  0.515  0.300
-999.0000000  640.000 316.600  7.316  1.361  0.536
-999.0000000  615.000 318.029  6.811  2.056  0.554
-999.0000000  590.000 319.666  6.275  2.535  0.352
-999.0000000  565.000 321.560  5.698  2.715 -0.024
-999.0000000  540.000 323.668  5.072  2.536 -0.098
-999.0000000  515.000 325.972  4.357  1.902  0.243
-999.0000000  490.000 328.376  3.558  0.817  0.594
-999.0000000  465.000 330.777  2.634 -0.697  0.628
-999.0000000  440.000 332.962  1.784 -2.267 -0.360
-999.0000000  415.000 334.809  1.041 -3.725 -2.534
-999.0000000  390.000 336.422  0.553 -4.962 -5.033
-999.0000000  365.000 337.814  0.297 -5.841 -7.059
-999.0000000  340.000 339.049  0.227 -6.151 -7.212
-999.0000000  315.000 340.160  0.276 -5.923 -5.230
-999.0000000  290.000 341.233  0.286 -5.617 -2.547
-999.0000000  265.000 342.325  0.267 -5.706 -0.091
-999.0000000  240.000 343.578  0.172 -6.862  1.606
-999.0000000  215.000 345.556  0.061 -8.826  2.272
-999.0000000  190.000 348.589  0.012 -9.316  1.816
-999.0000000  165.000 351.970  0.004 -6.363  0.651
-999.0000000  140.000 355.643  0.004 -1.753  0.097
-999.0000000  115.000 364.869  0.004  0.553  0.614
-999.0000000   90.000 389.589  0.004  1.000  1.583
-999.0000000   65.000 438.975  0.003  3.373  1.868
-999.0000000   40.000 531.142  0.013 -1.702  1.322
-999.0000000   15.000 722.480  0.070 -4.010  0.816
